7391
282
1257
397
397
398
398
401
403
404
402
894
881
352
1221
1257
1256
1255
1224
1224
1446
159
160
180
160
162
163
163
161
165
166
159
158
1155
1160
1160
1162
1257
707
1334
707
709
710
710
711
712
712
1331
1332
1332
1332
1330
1332
1330
1330
1330
1330
1330
1330
1334
1329
1329
1329
1336
1419
1420
1420
1420
1426
1160
1160
563
564
1215
1211
672
645
643
1153
1128
780
1128
1115
449
1114
1125
1114
1113
1113
1112
1126
1128
1124
1123
1124
1123
1126
1116
1127
1127
1115
1115
1262
274
276
278
279
280
281
281
283
284
288
289
291
292
736
730
730
127
132
866
864
1162
167
159
835
1144
1180
735
736
732
834
732
450
731
731
731
731
728
728
433
507
540
825
1026
1037
1041
1054
1050
1176
1051
867
128
603
865
448
445
183
183
251
256
258
797
799
1287
1295
1293
1295
1295
1295
1286
1284
1283
1282
1287
800
802
801
1332
866
1032
550
522
511
504
1144
131
1329
1278
518
510
508
515
524
508
508
132
1162
1144
1142
527
873
1155
712
713
713
708
715
1126
1124
1124
1160
1161
1160
1148
1161
1154
845
1306
1152
1151
872
842
829
1152
1152
1162
830
452
1334
1330
601
602
181
1179
1179
1334
1329
1335
1334
1142
1168
861
1188
1188
1188
1188
1190
1188
1187
1186
1186
1186
1185
364
1231
1231
1231
1231
1231
1223
1222
249
246
1104
884
885
886
886
886
886
887
887
887
887
888
888
1376
1369
1355
760
757
769
1333
140
53
72
46
106
72
46
83
84
73
111
82
82
410
410
411
411
974
972
962
960
913
958
924
951
1257
1255
1255
141
261
263
141
1236
1359
1103
1103
1100
249
226
226
1221
1362
801
803
1434
1436
1434
672
49
74
1363
258
251
256
258
259
254
259
259
1096
1096
260
262
263
264
265
251
266
271
271
253
273
275
277
278
274
276
278
279
280
281
282
283
287
288
290
299
300
245
300
301
301
302
302
303
253
303
304
304
309
249
246
309
310
909
912
914
905
679
906
1125
1214
1153
1151
1152
1426
638
1027
840
688
1187
1186
915
515
529
1344
1216
1357
1053
167
1117
642
1445
639
1130
1045
900
1344
1349
1344
1153
1187
350
1331
1333
668
903
1040
455
1439
1330
916
555
1329
1154
644
1209
681
910
1421
1259
1361
605
71
1344
1220
355
1362
708
1438
640
1206
958
1334
964
713
1443
715
824
1438
970
979
608
1218
974
1126
826
970
1356
959
131
1343
906
1161
973
1447
447
830
716
1368
1146
1394
1034
1277
183
874
91
92
93
688
141
1219
1218
1207
1207
1215
1214
1237
1237
1220
441
439
446
462
463
1102
397
396
397
398
401
403
140
806
807
1281
1285
1284
1280
86
76
76
82
83
97
435
1162
1215
758
757
759
769
1468
1452
1469
1469
1447
1255
1143
1142
1154
1162
1040
1047
1215
536
525
526
527
531
555
529
537
537
518
510
508
516
536
537
535
553
64
62
1055
1104
68
1359
1214
1217
1210
1227
1227
1227
1209
1438
637
1426
1427
1353
13
1217
1352
144
1208
1430
1455
1244
1456
636
1447
349
1362
1448
1447
1259
1448
1208
1208
1215
1211
1207
1207
1215
1215
756
1437
1475
1186
1215
1211
1216
1368
657
1336
1380
1185
1185
963
961
916
1444
767
765
763
768
768
761
1368
1357
1360
1209
1225
1225
1362
1359
1363
1358
1449
404
80
71
81
81
81
82
1256
395
1128
1126
1115
1126
1127
1127
1127
1127
1165
130
135
128
480
1469
1469
1477
1470
1477
1477
639
642
347
1477
1477
1409
868
869
1432
1449
1432
1445
1442
1432
1438
1438
1437
1209
1215
1211
1431
1431
752
1209
1203
1359
1361
1379
350
348
352
342
342
368
340
359
356
353
357
357
349
358
1220
1221
1208
1221
1206
1206
770
771
1406
1034
1033
1019
1037
1055
1057
1055
1057
1016
1018
1253
1265
1260
592
508
506
506
504
1142
1142
1142
1142
504
505
525
504
503
502
502
16
15
14
1414
1415
1415
1415
1370
1367
1366
1415
1415
1362
1360
1361
1359
1363
1358
1358
1358
517
1406
640
1222
1358
1358
1431
1255
1319
75
76
120
83
83
75
75
1104
1449
101
90
90
84
85
54
64
63
62
69
1360
18
834
831
828
836
837
840
798
162
163
164
164
165
166
166
842
842
843
827
845
845
535
1304
1362
1361
1358
1443
1217
1223
1219
1218
1210
1209
1222
1443
1439
1218
1360
1357
1363
1360
1416
1416
1370
1371
1371
1371
1371
1363
1372
183
1096
1096
1096
1097
1097
1094
1113
87
1445
641
646
650
651
1437
1449
1362
1372
1372
1127
958
972
976
977
957
978
964
961
980
963
961
952
952
956
970
955
959
955
913
954
954
953
122
122
87
87
88
1100
1096
1095
1096
1095
1094
1411
872
868
1417
1417
1417
1374
1376
1374
1417
1377
1417
1413
1378
1417
1375
1359
1376
1376
1377
1378
1378
1394
1360
1282
1280
1293
1294
1294
1295
1295
1295
444
474
443
443
441
440
439
360
1207
1223
780
757
1439
1330
1332
1329
1078
1059
1052
22
1418
1354
1354
1362
1265
1265
1253
1253
1257
1257
1354
485
526
517
1030
447
251
256
1303
1306
1302
1300
1329
1222
1222
1222
1383
1383
1383
1215
1211
1127
1127
846
830
843
1128
1362
1447
1448
1437
1404
1404
1412
1411
1448
1480
17
18
1407
831
1407
1450
1450
1451
1452
1453
1453
1459
1420
1241
1241
1102
953
1211
1224
1224
401
403
404
914
924
1134
1134
1125
1230
1230
1222
1217
1214
1222
1219
1218
1207
1408
782
758
760
783
1374
1375
1230
1230
1376
769
770
1404
1299
1301
1096
452
448
447
445
447
451
451
444
444
443
442
441
440
436
1258
537
530
519
637
644
652
537
587
129
1304
1299
1299
1302
1305
1307
1314
1316
1315
1447
1439
1446
1443
774
1218
1220
1221
1209
775
767
51
66
50
104
49
848
1153
1128
1056
1057
1055
1058
1058
1058
1142
1059
1062
1076
1063
680
692
1186
1186
1186
1186
683
1223
683
687
688
689
678
682
679
1188
961
980
963
1362
1088
1089
1089
1072
1074
1045
1048
1064
1031
1036
1038
1045
1047
1051
1065
234
1124
1125
1125
1123
836
834
838
829
859
846
1344
1345
1345
127
144
140
140
803
634
636
635
653
646
643
360
1453
634
644
641
636
1453
639
641
1421
638
633
633
1443
652
1395
1396
755
755
996
351
360
356
1223
1210
1220
755
754
1162
1164
1142
1155
1164
1160
1160
910
916
916
916
1329
1334
1328
1328
1328
1328
1328
1188
1189
1189
341
355
357
349
347
351
1187
1187
1187
1186
1185
1199
1203
1208
1397
1398
1214
1409
1409
1430
1223
1219
1218
1216
1410
283
284
288
289
291
292
293
293
293
245
245
244
244
243
242
241
240
239
252
238
238
237
236
235
1329
1449
1450
1451
1452
1096
632
631
630
638
630
1219
636
1446
1453
1453
1453
342
678
1186
955
965
1223
634
1445
635
687
683
1188
1187
1223
678
632
1445
1443
1453
1454
663
630
663
1427
1428
1427
1419
1419
1418
1418
1418
1454
1455
1466
1437
1439
1449
1455
89
1172
1172
1411
1399
65
63
62
69
68
67
67
66
65
65
64
63
1134
1132
1134
583
584
585
539
530
539
540
540
540
541
542
535
543
502
501
545
546
547
548
651
272
1360
1393
262
263
264
265
839
829
823
847
841
858
61
754
1278
1287
1286
1285
1277
1277
1276
1275
1269
1269
1269
798
1269
1282
803
796
799
1287
1291
1291
1291
1291
1291
1291
1291
1291
1256
1255
1258
1259
548
549
549
549
549
550
501
512
529
1151
17
84
85
86
469
1130
1138
1138
1138
1138
1112
1124
645
1226
635
629
639
642
1445
1443
1444
1438
637
1438
1455
1455
1257
1255
1255
1254
1254
1254
1255
1211
1359
972
976
977
1101
1100
550
522
873
1283
640
873
1443
1144
964
1221
864
1432
1315
738
1178
1179
834
1144
1160
1161
61
61
61
107
1054
1290
265
979
1052
1019
800
1307
1307
1316
60
59
59
368
339
339
339
376
1185
1185
1185
1187
1255
1254
1104
1439
1443
1467
338
1187
1186
337
371
354
365
372
373
364
1219
1222
1220
339
358
355
1224
1224
1243
1205
358
363
336
1205
1205
546
547
556
485
1162
1146
1165
1164
463
1166
446
435
1164
449
1117
1128
1162
1145
161
1045
1090
1090
1091
1030
1029
1034
1029
1029
1028
1028
1028
1039
94
94
1199
1257
1207
1207
613
613
614
614
538
520
510
509
516
615
537
535
554
523
521
569
527
569
570
570
575
576
518
556
482
576
577
578
538
538
537
530
519
1447
1467
1450
1432
1445
1439
1467
1439
1465
1115
1115
1114
1125
1113
1113
1112
1112
1468
1185
1456
1027
1027
1465
1475
653
1453
1468
353
1446
1451
1453
1468
653
1041
1056
1057
654
654
1058
655
1457
1411
1366
1075
1063
1436
1314
402
434
433
433
433
436
450
433
436
433
449
434
433
449
450
1166
1164
1163
1164
1166
558
1072
1074
1045
1048
1064
840
827
850
851
1124
1112
1112
564
512
1342
1150
1142
1150
1153
1330
15
21
24
14
13
1207
1245
1245
1208
1208
1215
1211
1336
714
705
705
704
707
704
706
708
709
710
711
711
1379
1380
1382
1370
1370
1360
1367
1209
1207
1207
1206
1253
1257
502
1368
1357
1360
1356
1356
1356
1362
1359
1363
1358
336
335
1211
338
335
334
367
1206
1206
1206
1223
1237
1238
507
506
505
504
1328
1328
1334
1334
443
442
441
439
446
445
445
452
1148
1477
1477
919
918
920
912
914
905
918
907
904
950
911
932
904
914
924
918
917
919
920
1162
1164
13
12
865
1036
1055
920
955
964
950
957
958
971
975
900
956
1187
978
980
1112
1112
1111
1111
1111
1110
1108
1110
1110
1126
655
408
398
401
402
403
402
404
894
894
350
348
1189
346
1185
1184
1228
1257
1253
1257
1239
1239
1206
1217
161
165
166
158
158
168
169
170
173
173
175
176
176
177
1152
1151
1171
1172
1172
1253
1332
706
715
716
716
722
718
719
719
720
720
721
721
722
1334
1340
1340
1340
1336
1340
1340
1340
1340
1341
1341
1342
1418
1149
1160
596
598
654
758
753
655
655
1436
1110
1110
1110
1124
1125
1125
1123
1110
1109
1115
1126
1115
1124
1125
1125
1123
1127
1110
1109
1109
1253
1250
435
261
262
255
257
233
228
227
226
735
127
1145
1144
501
131
864
864
1111
1171
1177
1315
734
735
736
1179
727
727
799
500
1092
851
1092
1160
1062
1092
1092
1092
1092
132
455
473
1149
801
273
1285
1292
1276
1275
1283
1269
1097
1269
798
797
510
508
515
523
524
532
130
1179
1336
865
1057
500
499
499
494
494
493
493
131
723
492
135
491
1342
1170
178
178
179
180
180
135
1151
1143
1142
486
454
723
724
724
724
724
725
725
1109
1109
1109
1148
1148
1147
1147
1147
1305
1147
1336
1147
1147
838
821
1153
825
1152
1336
1336
1342
1337
181
1179
1179
1178
1178
1178
1178
1333
1146
1338
1338
837
863
1185
1184
360
1184
1185
1200
1184
1188
1188
1187
1243
1239
1240
1241
1205
1205
1205
1205
885
884
883
883
883
883
882
884
1419
1412
1412
1404
1404
1356
753
764
765
786
786
774
775
65
64
63
62
69
405
405
406
407
970
979
905
899
899
1253
226
225
260
261
363
1094
139
1464
266
270
1247
809
809
800
802
1447
1436
1436
254
259
260
272
294
261
262
263
264
266
252
266
271
271
254
273
275
277
312
274
1102
314
279
314
315
282
284
287
289
290
291
292
246
245
244
244
243
242
241
240
239
252
235
238
237
236
236
235
294
295
296
297
298
298
234
250
255
257
233
228
227
686
917
689
683
690
915
910
678
903
677
1253
55
1051
1425
994
1108
169
997
994
1188
1219
680
1133
854
855
1442
667
359
491
874
455
456
491
1345
1065
1019
1436
1225
456
511
1378
1420
1425
1259
11
456
70
174
1126
1436
1435
669
1054
1257
502
1124
1357
1208
448
913
1351
1204
657
492
1435
480
1018
567
902
1380
1427
1426
901
528
899
1338
1435
1418
952
506
1047
1481
1220
1165
1049
981
1349
129
997
899
1469
982
1449
243
139
866
1279
1281
144
146
862
1435
75
1190
1188
1187
141
1221
752
358
364
1210
1220
1211
1210
1219
1222
461
449
440
461
462
463
464
866
409
409
409
409
410
410
411
411
412
412
652
54
56
55
54
54
53
1115
1162
751
761
773
1435
1435
1162
1164
1146
1164
1168
1018
1017
1256
138
727
1216
541
542
505
532
543
523
521
545
505
526
504
603
603
603
1342
603
603
538
60
53
52
52
86
51
51
50
50
1075
48
1204
1208
1204
1204
1204
1356
1410
1418
1259
1259
1335
1426
1427
1427
1211
805
926
682
681
1437
1445
1442
748
748
1355
664
654
657
1481
365
374
340
1355
1253
1438
1455
1252
1436
1210
1204
1204
1204
1204
1204
1337
982
1189
1372
1373
1203
1363
965
1338
1258
1410
1189
11
1434
905
909
906
748
1434
747
752
763
765
764
762
768
1405
1405
1405
1363
1372
1453
405
406
407
408
47
47
73
1445
1429
1255
1108
1108
1108
1108
1108
1113
1108
1108
812
135
136
136
491
490
1429
1437
1437
1434
1436
1434
1434
1434
1434
1434
1380
1381
1360
1357
863
863
747
753
1435
1434
1439
1458
1433
1433
1474
1459
1433
1443
130
771
771
1222
1222
1355
1382
11
1383
16
771
367
367
354
368
1229
1235
1236
768
761
1355
1049
1033
1057
1050
1035
1030
1035
1037
1041
1047
1050
1065
1017
434
1252
489
489
997
1144
1144
1144
489
520
510
509
517
537
10
12
12
16
17
1355
1358
1355
1355
1358
1357
1354
1354
1354
1354
1354
1362
1412
1354
10
1354
1374
1375
1354
485
1203
1223
1205
23
1354
1354
1353
1255
53
72
46
69
72
46
45
44
73
1101
1100
1454
68
70
67
66
100
88
70
12
9
881
880
824
822
168
169
170
170
173
175
175
176
177
174
464
577
921
828
823
846
846
831
843
848
848
848
541
542
543
543
544
544
545
546
547
1446
485
1304
1321
1315
1317
1299
1353
1353
1215
1214
1203
1203
1220
1203
1218
1218
1216
1203
1205
1434
1237
1411
1353
1355
1407
1353
1353
1353
1359
1363
1094
1100
1100
1100
1100
1096
1110
1109
98
1433
658
634
1447
1448
1432
1355
1368
1358
1393
863
975
983
956
684
677
980
983
992
983
974
973
962
960
986
959
987
992
990
993
987
988
49
47
73
89
21
1353
22
1101
1102
1259
1396
1179
872
875
877
873
868
869
1353
1359
1353
1353
1352
1352
1352
1352
1359
1361
1378
1379
1380
1381
1360
1357
1221
1357
1395
1396
1411
1363
1352
1352
1293
1293
1293
1287
1287
801
1287
1288
1290
1290
465
465
1199
1211
754
772
1259
1328
1016
1016
1352
1359
23
1392
1352
1369
1355
1393
1368
1357
1360
1260
1356
1353
563
564
512
565
1252
89
690
1451
279
280
280
1299
1306
1299
1299
1299
1298
1297
1319
1297
1299
1319
1297
1297
1299
1317
1317
1219
772
748
479
1130
1124
1126
837
838
762
1111
1432
1432
1435
1444
1449
1432
1351
24
1432
1438
1438
757
24
981
1356
1431
1431
1431
1028
1225
773
753
1211
765
874
1146
875
878
728
1206
849
396
1146
1146
1145
1132
1132
1132
1130
784
1361
1206
1206
1217
1210
1214
1216
1210
1209
1222
773
774
1217
1220
1221
756
779
1357
1362
1370
1245
1245
1245
1204
1208
1204
780
780
772
754
1299
1102
466
454
466
443
442
441
440
447
445
445
453
466
467
467
468
451
666
1470
811
485
579
501
1482
1298
1298
1301
1319
1319
1319
1431
1291
1204
658
1406
1367
1203
1209
769
1355
1361
88
102
90
90
1026
1015
1015
1045
1067
1067
1046
1029
1065
1214
690
1189
1189
1190
1190
1190
1190
690
1202
1202
694
691
1190
1190
1199
1189
988
1052
1066
1066
1066
1090
1090
1046
1079
1068
1025
1068
1025
1068
1053
1038
1024
1021
1020
1040
1069
1070
1070
299
835
849
850
1344
1344
142
1434
656
658
659
1431
368
1431
1455
1435
1436
1433
1415
1415
1415
1433
354
1208
349
347
351
369
369
1166
1171
1176
1255
1259
1228
898
918
918
1336
1336
1338
1338
1338
1338
376
347
351
369
366
366
370
1190
1202
1202
1202
791
1457
1471
638
1472
1473
1218
1216
1400
1400
281
283
287
288
290
300
300
1102
301
301
302
302
303
303
253
304
304
308
309
249
246
309
310
310
310
311
1332
1332
1331
1445
1432
1449
1432
1457
659
1458
1097
1102
660
660
661
662
663
1202
664
1431
664
341
340
359
356
353
1191
1454
644
670
691
692
692
1189
1224
687
684
1474
1431
1426
1427
1427
1420
1443
1459
1431
1430
1430
1439
1439
1445
1443
1439
60
1342
1162
1401
1401
66
100
88
70
71
49
74
91
1128
1130
1128
544
546
547
548
485
484
484
484
484
525
483
483
483
483
483
483
483
483
482
485
666
275
277
295
821
836
825
839
91
91
92
92
93
94
94
97
760
796
1291
1291
1291
1291
1291
1291
1291
1292
1292
1287
1282
1280
1287
1279
796
1286
1285
1283
802
1278
1292
1260
1261
1253
1261
482
481
481
1145
1154
97
98
99
100
101
103
56
48
47
1131
1108
1131
1130
1115
637
651
1230
1222
1217
1214
667
667
668
668
669
781
1401
1404
1437
1437
1253
1261
1261
104
25
1404
1404
988
481
481
1143
510
1145
651
168
867
669
1160
1338
1180
781
781
781
1335
1334
60
104
104
105
105
1430
1430
670
311
1342
1055
1297
1303
1297
1306
1297
1297
1317
1447
105
105
369
365
366
370
371
352
1191
1193
1193
503
1259
1449
371
1193
1193
372
373
364
372
373
1219
1207
1202
1218
1216
1207
1207
1207
1224
1184
1198
378
378
1209
377
1224
1224
1225
480
461
462
1150
1149
446
782
758
760
783
1128
763
1072
1073
1045
1048
1030
114
114
1261
1220
561
562
479
479
492
479
480
566
567
568
588
1225
531
554
528
556
557
557
558
507
506
506
504
559
559
560
560
561
562
563
564
511
565
566
566
567
568
693
1438
1430
1430
1443
1435
1465
1466
1466
1455
1451
1132
1132
1132
1130
1130
1128
1115
1115
1115
1125
1114
1113
1113
1112
1126
1128
1127
1129
1057
1449
1456
1437
1075
1362
1370
1204
1450
1451
1452
1434
1430
375
1185
1225
1225
1219
1444
1046
1225
1225
670
1435
1064
1031
1036
1038
646
643
670
640
1338
1457
374
1075
1451
1361
1457
1045
633
375
1206
1427
1317
1315
1317
1317
1317
1317
408
468
469
469
469
470
470
471
471
471
102
1172
1172
1172
1177
1177
1169
1067
1067
1046
1210
849
850
851
854
855
825
822
855
1132
1134
539
1160
1160
1149
1143
25
26
1338
711
16
15
15
1226
1226
1226
1226
1226
1217
1210
1214
1216
1210
1339
1338
1336
1335
1334
1336
725
714
706
705
704
707
723
723
568
569
1398
1372
1405
1405
1405
601
1226
1226
1260
1261
1263
1264
1399
1400
1405
1405
1405
1405
1363
1372
1373
1405
1405
1405
1406
1189
354
365
372
374
1231
1231
1231
1231
548
783
1255
1339
462
463
464
472
452
1433
918
917
919
920
983
915
974
973
962
920
986
921
1145
1164
1142
26
27
24
1104
1178
704
804
868
1049
976
977
989
921
989
989
990
1198
990
1110
1132
1132
1132
1132
1133
1133
1133
68
671
671
312
1261
412
412
405
406
407
408
413
413
395
395
889
889
1226
1198
1226
1227
1227
1261
1261
181
167
158
177
178
179
179
180
157
157
156
152
152
152
152
151
151
1145
1163
1149
1149
1166
1257
1339
1340
703
703
703
1340
1340
1340
1336
1340
1340
1340
1340
1341
1342
1342
1336
1337
1337
867
1427
1427
1428
1426
1166
436
485
1227
376
1406
856
1166
1125
1123
1110
1110
1116
1128
1115
1125
1125
1125
1123
1090
295
296
297
297
298
299
234
250
255
257
233
232
228
227
736
737
869
151
854
854
737
737
875
1150
856
1315
1317
472
472
738
732
727
797
1068
556
875
1025
855
1166
1167
1178
1024
1021
1040
605
473
182
465
473
474
1293
312
1102
312
314
809
314
315
1287
1287
1277
1287
1288
1290
1094
1293
1293
1293
1293
1293
1287
804
805
805
806
811
142
509
516
1338
1338
1179
1342
865
876
569
527
570
570
575
575
576
1076
1340
1284
576
578
578
151
443
1144
1144
867
876
160
703
702
700
700
700
700
578
1133
1133
1133
1133
1133
1133
1133
1152
1166
844
1342
1167
1170
1125
857
812
1168
730
857
449
441
1338
150
579
150
738
1179
1179
1179
1180
1180
1180
1179
1180
726
1342
1168
1168
1168
1168
1168
1168
1342
1205
1224
1198
1198
1199
1199
1199
1189
1189
1190
1199
1199
1199
1227
1209
1214
1217
1210
1227
1227
1227
1209
315
1360
1356
1356
784
782
792
785
110
394
394
393
393
972
921
978
957
978
922
962
916
922
1261
672
315
316
316
258
338
1215
653
1102
1102
1102
260
272
294
1062
143
806
807
807
1430
1432
1360
272
254
274
276
277
278
282
284
287
289
290
291
292
293
1100
1102
1095
1096
243
242
241
240
239
239
252
238
237
237
236
235
225
225
225
224
224
224
223
223
223
223
222
222
222
222
221
221
221
221
220
220
219
219
218
218
217
217
216
216
215
215
214
214
213
927
932
691
1261
1349
922
474
1142
1151
137
1342
1166
693
1188
785
454
1339
1070
1071
106
1449
1344
1227
336
1199
1133
1399
580
1425
1168
1133
822
1176
1406
1406
580
591
605
1457
1134
1406
1134
1336
1076
1076
1228
530
1457
341
1457
149
1199
1228
535
1160
1344
991
1199
912
1414
1214
106
1216
376
1414
1239
1228
150
1415
1428
901
605
1457
1366
1328
992
1228
969
1148
1334
922
1077
1344
1147
1077
1406
107
1144
1168
803
142
1279
1167
933
1433
107
693
1190
1261
29
377
379
379
1228
1228
1228
1228
1208
1228
1228
1226
1226
449
1102
1103
1103
393
393
392
392
391
391
390
389
388
387
386
1276
1269
1269
1293
1269
45
45
74
1261
1133
1164
1164
1168
1169
1223
1219
1218
786
786
774
775
787
787
785
1471
1457
1471
1471
1471
1457
672
1472
1473
1473
1261
1169
1170
1170
1162
1078
138
489
488
487
487
487
486
581
581
582
583
584
585
107
108
1059
1078
1059
1227
1227
1328
1246
1247
1247
1229
1229
22
1229
1229
1428
1426
1458
1262
1458
1428
1431
1229
1459
1416
1444
1473
916
784
922
643
1439
1439
1198
1184
1185
136
1262
1263
1263
1459
922
986
1229
1224
1224
1221
1206
1239
1205
1205
1205
1205
1205
1459
1229
1229
1394
661
992
28
1328
1328
682
1259
1356
1400
1200
993
991
993
923
756
788
789
759
790
764
767
1417
1413
1219
1222
1406
1407
29
923
1418
668
413
413
395
394
385
109
106
109
109
109
123
1104
1104
1263
1134
1134
1134
1134
1135
1135
1133
1135
1135
1135
1135
1135
1134
1116
1134
1230
136
1459
1459
1433
137
586
1447
1449
1437
1455
1480
1456
1480
1448
1480
1459
1429
1407
1407
1407
1407
1407
869
876
877
790
1464
1449
1457
1437
1437
1457
1465
1446
1451
1451
1452
1247
1465
1465
876
11
1407
1230
1230
1222
1217
1366
1407
1408
1408
1408
1408
29
378
378
379
377
379
1230
1230
1208
1230
1230
1208
1230
762
1078
1079
1079
1088
1089
1090
1073
1074
1045
1049
1064
1031
1035
1037
605
491
1141
1142
519
503
586
586
537
587
1342
587
29
28
25
25
1352
1352
1408
1392
1352
1369
1355
1393
1368
1357
1360
1408
1352
1352
1362
1359
502
502
1408
1408
1408
1380
1381
673
1465
877
52
87
52
51
50
112
112
113
113
114
118
119
1465
1104
108
108
110
110
110
880
1124
1126
821
836
826
839
830
823
847
841
858
160
162
162
163
161
432
165
432
432
561
562
858
859
831
828
835
566
567
568
588
588
630
1317
1317
1317
1317
28
1408
1408
1369
1465
1230
1220
1221
1209
1465
1465
1465
1217
1210
1363
1409
1409
182
1102
1100
1127
1129
1129
1130
97
98
1465
1466
1466
1455
1451
1409
1123
994
971
979
684
995
694
689
995
694
995
960
996
996
989
951
949
949
949
971
975
977
949
948
948
947
945
923
945
111
111
27
1096
1096
1095
1103
872
1358
1409
1409
1409
1409
1397
1398
1409
1409
1409
1355
1361
1409
1410
1356
1410
1410
1361
1399
1410
1281
1286
1284
1280
797
799
1293
1293
432
447
431
453
1187
1186
1186
371
1200
1228
791
792
792
784
770
770
1429
1466
1325
1090
1090
1429
1410
1406
26
1410
1410
1263
1263
1410
1410
111
682
807
808
1317
1318
1318
1318
1318
1319
1305
1319
1319
1301
1300
1299
1302
1305
1307
1410
1200
763
1410
591
859
859
1135
850
1466
55
1455
1466
1372
1373
1405
1455
9
30
17
1411
1177
1164
945
659
1466
1226
1169
1103
889
385
384
380
380
923
924
1130
1138
1138
1138
1138
782
793
785
747
1405
1382
1231
1218
1242
1231
1231
1231
1231
1231
1223
1373
747
1231
746
746
746
1374
1374
1375
1359
1376
1376
1377
1235
1235
1378
746
745
1316
441
439
447
445
445
453
466
467
467
468
451
1262
1265
581
582
582
583
584
128
137
1301
1319
1319
1319
1319
1320
1320
1466
1229
1229
1428
646
1411
1229
1229
1236
1236
1204
1203
1223
745
1431
1354
1170
860
1138
1163
1066
1090
1090
1052
1027
1053
1039
1443
1445
127
1054
1050
1090
680
691
100
1199
1189
1224
1221
1206
684
687
694
689
1200
1188
1187
1187
1186
995
1069
1053
1038
1025
1024
1021
1041
1069
1070
1071
1020
1019
1032
1053
1045
1090
1090
1091
431
296
1135
1134
1170
860
860
860
1170
1170
1344
126
129
143
144
808
808
143
145
1466
657
658
1466
673
1203
1466
1435
632
631
1428
629
629
1467
626
1426
1467
626
1467
1411
1413
745
790
370
370
352
333
791
1482
1303
1429
1148
1141
1148
1147
1263
919
918
920
1325
1325
1325
1190
355
333
333
333
332
357
363
336
377
1190
1190
1190
1185
1200
1200
1200
1200
1184
1230
1237
1411
1237
1237
1407
1467
635
1457
332
1188
1218
1408
1408
1408
213
213
212
212
212
212
211
211
211
211
208
208
311
208
208
207
207
1325
1325
1447
1467
1141
1094
1094
626
626
625
1467
1467
1467
1237
1237
625
625
1447
1467
1450
1184
625
624
1467
673
1184
957
1237
679
681
624
1435
1467
671
1468
1428
1420
1420
1420
1421
1426
1475
1453
1468
1468
1446
1451
1453
1469
1452
1469
1469
1170
1170
1357
1357
1395
1397
1411
112
112
113
113
114
119
119
119
120
108
1138
1138
1139
1139
1130
536
537
532
553
591
531
554
528
557
557
558
558
507
506
506
504
559
559
560
560
561
562
563
565
512
565
390
624
878
207
250
256
851
854
854
854
99
101
102
103
856
788
789
1293
1294
1294
1295
1295
1295
1287
1295
1293
1295
1295
1295
809
810
800
802
1287
1287
1269
1269
1269
1269
1320
1428
1427
1263
1263
1263
1255
1259
521
1225
1225
1145
1237
1237
1225
1225
120
1135
1134
1116
1134
1140
624
623
623
623
1237
1238
1239
673
622
669
622
631
631
1361
1476
1469
1469
1469
1477
1470
1477
761
1470
1253
1252
120
1220
1409
1409
944
944
943
991
982
965
943
942
942
580
592
592
1269
373
164
164
1261
1153
1140
1204
810
844
827
738
925
745
1325
431
121
121
121
121
1091
1470
1471
1466
1471
207
206
950
1079
1321
1321
1321
1321
1321
84
85
1184
332
1184
332
331
1184
331
1184
1198
593
1263
1471
340
359
356
353
1239
1239
1239
1199
1184
350
348
1216
1239
1239
1239
593
593
594
491
490
1170
157
885
431
431
1171
1177
1177
430
773
1128
1128
1170
1162
878
1092
1092
1092
1092
1092
1063
1092
1092
1092
1092
1056
122
122
1184
1255
1259
1259
1228
594
595
595
595
595
596
598
599
600
602
515
524
524
532
596
596
597
597
597
500
500
499
494
494
493
493
550
522
492
597
535
490
489
598
599
600
601
489
488
487
487
487
486
1239
28
22
1471
1471
1457
1471
1471
1471
1457
1472
1472
1473
1473
1466
1445
1129
1130
1130
1124
1112
1112
1124
1111
1140
1140
1140
1123
1131
1109
1132
1130
1138
1108
1108
1090
1431
1430
1439
1053
1039
1247
1247
1473
1454
1473
1473
1071
1020
622
1033
1053
1039
1090
1090
1091
1473
1092
1436
1444
1473
1459
1438
1093
1014
744
1416
1451
1417
1411
1356
1454
1473
1473
1071
1020
656
1032
1053
1473
1473
1474
1239
334
1316
430
430
430
429
429
429
429
431
447
431
453
428
428
123
1172
1172
1172
1172
1172
1014
1014
1014
1203
840
857
861
861
861
857
862
1135
1133
1135
1135
1173
1166
1167
1178
1173
1141
1140
1140
1173
1173
21
9
9
8
8
1243
1239
1240
1241
1325
1332
1332
712
713
708
714
699
699
699
699
698
1104
1412
1412
1404
1404
1241
1263
1263
1257
1412
1412
1412
1404
1404
1412
1411
1353
1412
331
331
1247
1214
330
342
330
330
1184
1183
1241
1241
1241
1241
1241
1223
1217
603
1263
1329
1329
1336
1325
1325
1325
428
428
427
427
427
427
426
1073
1442
918
907
904
925
911
904
941
902
901
901
910
926
900
941
906
925
926
926
927
603
1176
1176
1176
1176
1176
1104
10
18
1319
810
1104
1013
920
963
960
951
911
956
903
920
959
954
941
954
695
953
982
940
940
1128
1126
1115
1126
1126
1127
1127
1127
603
1263
391
390
389
389
388
387
386
396
889
888
880
888
1183
1241
168
169
170
173
174
175
176
177
174
149
1150
1148
1176
1176
1176
732
739
715
1324
722
716
719
719
720
720
721
721
722
698
698
725
714
1329
1338
1324
1324
1324
1323
1323
1329
1323
1329
1333
1328
1328
1328
1328
1428
1427
1428
1420
1420
1420
1421
1168
528
1241
1241
1187
341
1108
1108
1108
1117
1112
1112
1111
1111
1110
1110
1108
1110
1110
159
1264
1264
129
220
220
219
219
218
218
217
217
216
216
215
215
214
214
213
206
737
735
730
150
149
149
148
821
1140
1319
820
844
1319
1168
426
1299
426
1179
729
726
726
811
603
1026
1015
1015
1170
1325
1332
1332
1330
1176
426
1162
580
425
425
424
206
206
205
205
1268
1268
1268
1276
1269
1269
808
541
542
126
132
544
522
520
545
126
874
879
603
603
603
603
603
604
125
705
1176
1069
729
604
1330
1330
1334
604
424
820
148
1104
820
1140
1140
604
148
878
1140
698
697
697
697
696
696
696
1180
1107
1107
1107
1146
1149
1149
1166
820
1177
1177
1177
1177
1297
826
839
829
823
847
1176
1176
125
1341
148
147
1177
1179
1180
1180
726
838
1323
1177
1140
1323
828
835
1183
1198
330
1185
1182
1182
1182
1189
1182
1182
1182
1182
1182
1182
1182
1182
1189
1182
1182
1241
1242
1242
1242
882
882
882
881
881
885
884
1243
1412
1412
1412
1412
744
744
744
102
103
56
48
940
993
931
932
913
994
1482
1264
205
265
204
1323
1227
1331
667
1094
145
204
204
203
203
203
146
1237
329
811
1459
1433
1433
1474
1459
1354
605
203
202
202
202
202
201
201
201
201
200
200
200
200
199
199
199
199
1100
1100
1100
1100
198
198
198
198
197
197
197
197
196
196
196
196
195
195
195
195
194
190
190
190
190
189
189
189
189
188
275
276
294
295
296
297
298
299
234
250
255
257
233
228
227
933
688
677
1413
1259
1107
537
940
916
1164
1427
123
1013
1413
986
1474
1325
1344
555
1436
1135
1344
1013
1426
1178
693
85
86
482
1021
1230
1474
1459
1459
990
1215
1447
1243
56
537
1240
1323
1241
933
1413
329
1413
1344
1426
729
1426
1207
827
1418
1413
1243
1474
1464
1404
529
1330
1437
518
67
329
1412
1243
997
1182
1182
1420
147
695
1475
1107
697
696
939
1107
328
1418
939
577
1013
939
605
900
1323
621
1323
1475
927
605
798
146
311
804
1267
145
182
1475
123
677
676
1182
1181
1181
1265
8
145
146
1215
1214
1237
1237
1243
1243
767
424
423
423
418
418
418
418
433
1102
1102
1103
1100
1101
392
392
391
390
389
388
388
387
386
1265
380
621
796
124
124
124
89
76
71
81
182
1465
645
470
470
471
1177
1104
1150
1150
788
789
759
1475
1475
1465
1475
1475
1453
1468
1265
138
138
478
536
579
526
592
531
554
44
44
1223
1219
1218
1243
8
1221
1243
1243
1413
1418
1265
1265
1432
1428
1420
1420
7
1475
1244
907
1452
1452
911
1413
623
1244
902
622
656
1447
328
335
335
328
338
334
334
366
367
125
1217
1265
621
620
1475
939
938
1244
1245
1217
1220
1334
1456
1448
620
1245
1245
508
1451
21
1258
942
1413
1413
27
743
938
1475
1444
783
743
743
742
742
752
1380
1382
1370
1370
937
1367
387
386
385
396
380
48
1104
406
407
1107
1106
1106
1177
1176
130
1469
125
605
605
1470
1475
1476
1476
1454
1455
662
1428
1361
7
1410
1356
879
879
443
443
879
742
1476
1477
128
137
1469
1477
1469
1477
1477
1470
1477
1477
1477
1478
1221
1478
1228
1245
1203
1245
1245
1245
1245
1355
1414
1414
1359
1361
1358
1410
363
327
327
327
327
328
326
326
326
326
337
1245
1245
1245
742
741
1012
1012
1012
1012
1011
1011
1077
1011
1011
1077
1010
1010
1263
1250
1216
591
605
605
593
594
594
491
491
23
14
13
26
27
1405
1406
1414
1411
1363
1380
1381
1360
1357
1414
1414
1414
1414
1414
1414
1414
1414
1414
1414
1415
1415
1415
605
620
1202
1415
1415
1431
1261
1253
45
74
44
43
43
43
43
42
38
38
38
38
856
819
819
819
819
818
181
167
157
444
178
179
442
441
824
822
854
818
818
598
599
600
602
1332
621
1320
1297
1415
1415
1416
1416
1416
1471
1246
1246
1246
1202
1226
1216
1226
1227
1227
1473
1228
1229
1362
1361
1358
1411
1354
1096
1094
1094
1094
1094
1140
1123
1131
37
1471
619
37
1471
1416
1416
937
973
952
938
938
937
936
936
936
981
936
944
944
943
991
981
965
943
942
941
925
935
935
935
937
934
934
953
147
37
37
36
1247
1247
1247
7
1094
1094
1094
1094
1093
1093
1096
676
1416
862
862
1416
1394
1416
1406
1406
1416
1416
1406
1406
1416
1416
1407
1417
1411
1356
1413
1417
1417
1417
1374
1376
394
1417
1377
1417
1413
1378
1417
1374
188
1267
1267
1267
1267
1267
806
1267
417
417
325
1183
1253
1257
1428
1459
1459
1433
1330
1334
1329
1010
1010
1009
1009
1009
1353
1413
1417
1413
1249
1249
1249
1407
1407
1407
1418
525
36
676
242
241
240
1297
1299
1297
1297
1304
1321
1243
741
1240
553
741
1106
1106
1106
847
841
858
1106
1107
818
7
1436
1480
1438
1480
1404
1404
1356
1353
6
1475
6
6
1436
1456
1480
1456
1480
1448
1481
1221
741
1247
1177
1247
1208
933
922
898
907
912
1170
1166
1124
1112
1112
1106
1418
1224
1224
1247
1211
1247
1247
1247
1248
1248
740
1352
1352
743
740
1214
756
788
789
759
1408
1351
1401
1404
1351
1205
740
740
755
1449
1303
1315
1317
1299
1093
454
455
472
417
465
473
474
417
456
416
416
416
431
1259
605
1428
537
1321
1321
1315
1298
1297
1297
1297
1296
1481
1443
1444
1432
1428
1426
1418
656
1432
1243
1248
1221
1243
1243
772
1481
36
36
1106
1106
1106
817
1008
1008
1062
1008
1379
124
1438
676
1190
1200
1191
1191
675
1218
1216
675
675
675
681
674
679
1181
935
1351
1008
1007
1032
1034
1033
1018
1036
1055
1056
1055
1057
1016
1017
1017
1074
1003
1003
1002
1342
224
1117
1112
837
1344
1345
1344
1343
1343
1343
143
793
793
139
619
1481
632
660
660
661
662
1445
325
325
1238
1481
1481
1465
1481
619
618
1438
659
804
805
671
1469
1469
1470
1296
1351
1351
775
787
787
1203
323
1248
1249
1249
792
1104
1172
1172
1172
1177
1178
1170
1249
1220
898
898
922
897
1323
1323
1323
1323
1323
1323
1332
325
337
323
348
322
322
322
1180
1180
322
321
321
321
321
320
1186
35
1225
1219
1351
1202
1358
1225
1181
1203
1208
1397
1398
188
188
187
187
1223
187
187
186
186
186
186
185
185
185
185
184
184
1323
1455
1436
1435
1434
1445
1481
1481
1142
618
633
617
617
620
1437
1434
617
1449
1450
1451
320
1466
1481
1481
674
645
642
617
680
692
1199
1189
1180
1202
1211
1433
1433
1433
1426
1418
1426
1427
1427
1435
1418
1481
1450
1451
1481
1445
1443
1453
1454
1481
1438
1455
1455
1178
1155
1351
1351
1351
1351
35
35
35
34
34
34
34
33
33
33
1132
1132
1132
490
489
599
600
601
602
489
488
488
487
487
486
581
582
583
584
585
585
539
1253
205
264
204
184
184
33
32
32
32
59
59
739
739
790
791
1267
1267
1267
1267
1267
1267
1278
1281
1267
1268
1267
1267
1266
810
1266
1266
1279
1266
1265
1265
1265
1265
1265
1265
1420
1351
1249
1249
1249
605
606
1164
1150
1202
32
1103
416
1106
1106
1106
1106
1106
1106
1105
619
652
1229
1229
1202
1202
661
662
629
663
616
664
1351
1355
1474
618
618
1249
1249
1249
1257
1249
1226
92
93
93
1351
1350
1363
934
951
142
139
1100
1096
1002
520
510
509
517
537
1140
464
793
1210
877
126
880
1142
728
1202
1135
1172
1166
934
1178
1024
729
813
1179
1350
98
99
99
101
103
55
1433
641
1430
1009
1296
1296
1295
1295
1430
31
31
31
320
320
319
1180
319
1188
1185
555
319
319
318
318
1180
1180
318
375
317
1202
1241
1201
1201
1201
1201
1201
1201
317
317
374
1201
316
606
577
448
450
415
415
435
415
1166
1153
147
415
414
764
762
1178
1165
1166
1164
1163
1088
1088
1089
1072
1073
1045
1048
1063
1031
1035
18
6
1200
674
1220
1203
503
586
605
511
587
579
588
606
606
603
1249
607
607
607
607
608
608
608
502
612
613
613
614
614
615
537
519
510
508
516
615
537
535
553
523
521
1430
1430
1430
1447
1467
1429
1429
1429
1429
1429
1127
1105
1105
1105
1105
1105
1138
1138
1139
1139
1130
1124
1126
1439
1201
1350
1002
1001
1429
1201
1201
1429
1435
1467
337
1001
1026
1456
1201
1475
616
1001
1051
1001
1000
616
1446
616
1453
1378
1451
1000
1000
1000
1429
1429
1357
1395
1396
1429
1363
999
615
1436
1300
1300
1299
1302
385
449
434
425
414
414
425
424
31
30
30
30
1140
1168
1168
1178
1178
1003
1003
1002
999
999
999
998
998
1201
813
813
813
812
849
841
842
843
826
844
845
812
824
1140
1105
1105
1178
1152
1151
1144
1144
1144
1144
1151
1325
1325
1325
695
5
10
1219
1201
1215
1211
1216
1201
1201
1201
1332
1322
1322
1322
695
706
709
709
710
1351
1350
1350
1350
1368
1200
1200
1209
1249
1249
1361
1359
1363
1358
1350
1350
1350
1350
1350
1350
1350
1350
1350
1350
1361
318
1238
1239
1200
375
317
329
316
1200
1200
1206
1206
1217
1210
1214
1216
1210
1209
478
478
478
477
477
477
1322
1321
1321
1321
1321
1321
1321
1321
414
468
917
897
897
897
915
987
896
902
896
987
896
896
895
895
927
932
14
5
5
5
4
23
1170
998
998
996
988
950
903
895
895
971
975
976
948
948
947
674
945
1104
1115
1130
1135
1138
1138
477
253
273
1180
739
