7391
56
1420
1368
1369
1363
1372
1373
1374
1374
1362
428
189
1435
1116
1420
1421
1420
1115
1330
699
1231
1231
1230
1357
1240
1239
1236
1237
1239
1241
1241
1241
1475
1473
1473
1358
1418
1249
613
1249
1250
595
597
1252
1252
1253
616
199
197
605
616
614
617
617
617
618
618
619
619
607
605
605
605
1126
1126
1126
1125
1127
1473
1470
962
1026
1338
1342
1073
1076
1103
1358
1214
238
1216
1226
1203
1218
1228
1228
1218
1218
1211
1215
1215
1219
1219
1210
1223
1222
1226
1224
1224
1223
1224
1404
462
486
468
484
484
481
468
483
483
473
472
474
479
1190
1190
1190
1132
1257
1202
1202
1245
1229
1238
1261
1360
521
1193
1198
1198
1261
1196
1287
510
512
280
512
583
582
163
963
1410
1261
374
377
378
378
376
1243
378
1202
1257
965
1200
1296
1294
1243
1243
83
83
83
188
188
140
141
141
128
123
122
131
451
452
449
447
433
442
443
614
1202
352
964
970
937
939
1359
1132
605
453
1003
1018
1002
1001
1056
1020
1019
1257
1284
1360
1359
1025
1201
1284
594
594
1253
1253
597
1226
1214
1211
1473
1472
1245
1471
1473
1471
1260
1453
1469
1445
1201
1261
1263
1471
1284
1284
1269
1296
198
197
939
938
1237
517
518
607
605
608
606
1360
1476
1266
537
537
537
537
538
539
541
546
544
545
546
915
1325
1334
1113
1329
1115
1330
1114
35
487
157
429
430
431
219
431
431
431
431
1357
432
1357
432
1190
1189
1189
275
266
270
635
489
860
881
882
873
873
869
896
868
868
877
878
867
167
167
167
166
325
315
323
319
403
320
404
299
1437
1437
1437
493
479
483
491
1339
1176
510
494
504
466
471
469
1334
1176
435
445
772
732
728
1102
1447
1447
1176
59
59
28
60
44
35
34
34
508
103
474
462
35
38
56
53
60
55
87
88
11
17
90
16
52
462
463
92
93
462
26
69
26
52
71
24
14
65
66
13
12
7
8
11
25
25
56
23
23
36
102
101
59
1449
1449
1449
412
1426
1450
1361
1337
1469
1475
1245
1128
1078
217
1269
1426
540
543
412
1020
152
6
1338
1171
569
1240
1225
1100
773
1096
1225
562
405
6
1133
5
159
539
916
616
635
1097
1449
208
1295
657
633
1448
1021
198
1474
1097
149
1105
393
1127
1401
1170
1002
865
1133
1338
1437
1173
1249
774
1100
1353
348
635
291
1253
730
1253
1263
680
299
296
942
148
287
1224
1269
340
1170
338
168
1125
405
1472
301
677
1291
1275
1255
1163
1475
1190
565
453
1243
1202
838
835
839
1107
491
1336
1336
1337
149
1336
1335
1329
1332
1332
1292
1287
1287
1287
1287
507
1368
1369
1371
1372
1374
1374
490
188
187
125
131
136
137
874
873
872
872
869
868
1293
1471
1413
239
239
243
241
668
658
784
1439
1439
1437
1359
1359
1475
159
206
208
1414
1409
971
961
972
972
1053
1021
1027
1028
1029
1029
1030
1066
1045
1024
1027
1031
877
1399
379
107
842
1394
1412
1112
1338
1338
1413
1413
1414
658
1076
1128
1128
1178
820
1340
1393
489
1414
729
673
150
695
1068
659
1435
1190
775
774
1405
720
1332
1332
1344
1338
1332
1340
1340
1336
280
657
664
1428
1115
1110
1110
1138
1096
633
1140
536
537
341
321
406
703
240
264
263
262
258
234
1177
1177
1178
1123
1340
1124
1184
1172
1142
1142
676
1374
837
838
836
837
878
878
1420
1367
1210
1210
1210
1361
1223
1224
1224
1225
1244
1257
1257
1257
1021
697
696
692
698
698
698
1072
1071
932
679
677
1141
1201
1200
694
692
703
687
697
704
704
745
657
1112
1416
1416
731
736
235
1342
1342
1172
1172
1168
916
1436
1432
1436
926
1437
916
1433
1434
1435
925
1434
1435
1434
1342
1343
1343
1344
1345
1345
271
254
1179
565
565
563
566
5
567
568
575
576
564
1405
1405
1401
1064
978
1062
1066
1063
1359
1359
1362
1362
973
1020
1019
1031
1031
1031
1032
804
810
807
1135
1184
1140
1172
1145
1146
1140
1140
1154
1171
1143
1143
1180
1170
1142
1176
1138
1017
1144
1094
1330
1170
1179
748
1419
1465
843
844
845
872
841
846
838
109
1439
867
831
836
836
835
831
834
831
880
881
1135
813
1268
1267
1269
1267
1267
1276
187
1239
1235
1230
1230
1239
1230
1229
1269
1276
1267
1269
1267
1267
974
1456
1144
1178
1187
676
1415
1415
1415
1413
1413
1414
1413
741
731
1413
1177
1395
1397
1142
1138
1144
1140
1142
1178
1178
1178
1140
1178
1243
105
509
506
104
502
105
1218
1399
663
1070
1100
1094
1070
781
727
1394
1145
1188
1207
289
337
334
310
293
340
341
289
300
302
299
301
303
308
338
318
317
318
406
321
331
332
879
879
876
866
866
103
104
499
506
501
501
1176
1356
1356
1383
1176
1179
1179
1179
1179
1179
1179
1179
1176
1180
1178
1139
1144
1186
1180
1180
1177
1177
1171
1135
454
454
453
448
448
450
450
452
1205
1205
1205
1205
1205
1205
1205
920
1344
1330
253
274
694
632
634
636
559
556
564
807
1140
1164
1140
1144
1405
1406
1418
1406
1405
1420
1167
973
1055
1055
211
1203
465
463
1456
1455
1457
1453
201
1344
1328
1338
1166
1177
1166
1344
1338
1211
1211
1263
1261
1263
1210
1173
723
704
705
1150
1148
1148
1392
714
700
797
801
1180
1199
1144
779
790
782
678
677
675
673
1126
1329
1332
506
321
1340
1328
1110
1363
1374
1374
411
409
1215
1207
1207
1325
1330
1334
1334
1336
1344
1336
1336
1337
1141
264
254
256
241
1381
1139
1330
1330
1138
240
242
1138
1453
1453
505
1293
1295
1293
1293
1293
1295
1297
1297
1297
1297
1297
1297
1295
1298
1406
964
969
971
587
587
587
1409
1409
1132
1459
1453
1454
1453
1457
1457
1453
1452
1452
741
731
772
732
250
1340
1342
1334
1343
252
266
898
885
886
886
887
1262
1471
1214
575
567
568
570
576
564
1362
217
217
217
181
1106
1105
544
1427
545
1427
1105
1115
1106
1104
1104
1106
1107
1107
1108
418
338
347
342
1180
216
379
372
212
364
180
205
363
375
373
387
388
204
211
212
86
1207
1207
1207
1207
1263
144
1263
1259
144
1262
586
586
1132
591
490
491
491
442
1102
1073
1069
1100
1096
1100
1433
660
1100
1096
1094
1094
765
1094
1101
1125
1097
1070
1104
664
1094
1397
1383
241
240
350
1433
1434
1434
1330
1339
1341
237
231
1468
1444
1360
1445
1471
1474
1470
413
1449
1449
410
197
196
614
613
608
606
605
549
1428
1427
1433
918
915
916
1433
1432
537
538
540
543
544
1428
1110
1111
1166
1170
1124
1398
1380
696
1329
1328
1329
1329
1150
61
23
11
14
14
23
13
91
81
92
93
87
25
35
94
90
94
92
87
86
21
62
50
63
224
748
748
754
726
506
1093
1093
1095
1100
1074
1325
1094
699
772
771
744
921
1106
543
336
339
1329
1096
662
1094
1106
1426
542
1427
1115
1106
1096
770
706
707
716
1101
1102
1072
1128
1130
1129
1125
1125
1125
1125
1125
770
769
767
708
693
662
768
820
1445
1468
1382
1170
864
876
875
879
864
863
863
863
862
861
861
875
1223
1214
1218
937
936
935
940
940
943
936
1015
1014
1013
1016
1012
1011
1010
1009
938
1008
1008
1025
1078
88
1188
1188
22
34
31
32
1261
1261
1259
1259
1261
1263
847
251
128
129
131
129
129
132
135
127
126
126
125
442
125
125
441
435
441
455
124
124
123
123
124
132
136
137
1420
1406
1404
1404
1410
963
1003
1012
1016
1011
1011
1010
1009
1475
796
865
860
859
1204
1217
1217
1215
1210
1228
1362
1221
1100
1329
1101
1101
1100
1096
656
782
767
729
1102
735
726
728
1404
1406
1404
1406
1405
1405
1404
1338
1138
329
288
329
502
505
1411
1411
1202
137
1100
1201
787
1359
340
1342
1356
767
1457
512
516
517
1199
189
1471
1358
837
855
904
858
178
138
31
283
351
351
187
1466
1453
1452
858
857
855
1433
1433
1434
1436
1436
1427
1428
537
535
1418
1418
157
655
789
639
1434
541
547
927
919
918
916
1432
1433
1432
1335
1328
1332
1436
1433
1437
1353
1353
1353
1353
1434
1435
1435
1353
1351
1409
1008
1003
1013
1475
1476
1469
1445
1206
1469
1206
1206
1469
161
1207
1217
1474
1475
1230
208
360
359
359
358
358
357
356
356
364
358
357
364
1447
901
547
1418
1416
1414
961
1053
1021
1027
1027
1029
1029
1030
1041
1045
977
1408
961
956
962
971
965
1038
1039
1040
1055
1057
1056
1055
1035
1036
1037
1038
1039
1040
1045
1015
960
727
663
788
788
736
730
694
786
656
1223
1224
1218
1218
1218
1218
1218
1211
655
547
654
179
178
638
666
1096
690
654
918
1439
789
752
771
1442
179
181
177
1442
1103
185
1102
661
1172
1172
177
176
653
1466
160
1298
1297
1295
1295
1293
1293
1203
1295
1297
1295
1293
1290
1292
1291
1469
1474
1443
1444
1445
1411
376
213
184
581
356
1281
1269
1282
1268
1226
1223
1210
1411
1065
1124
1471
1228
1470
1444
616
793
793
792
798
791
1332
1328
1340
1342
1341
1331
151
226
596
1249
599
1249
1249
1249
1249
1249
599
1247
1250
599
1164
1185
1144
1138
1166
1169
1168
1414
1413
1412
1412
1404
1406
1015
1397
1138
1144
1144
1177
1166
1168
1162
1170
1395
913
914
1328
1434
1435
1435
918
1329
1328
151
150
1328
151
1410
1056
1032
1045
621
196
196
605
1206
1203
1204
1204
1203
1204
1204
1204
1243
673
674
1449
1449
1447
1448
1449
1451
1449
407
394
304
402
398
401
395
165
396
398
163
164
1444
1246
800
801
1201
379
371
397
303
304
303
297
297
291
288
395
318
418
341
342
1214
1210
1210
1225
1210
1209
1216
1209
1209
1219
1094
1377
1370
1372
1372
1367
1366
1366
426
427
1435
1436
545
1436
546
548
1115
1420
1419
1419
1115
1123
1115
1114
1231
1241
1230
1231
1239
1239
1238
1237
1241
1239
1241
1242
1241
1237
1469
1475
1475
1469
1358
1420
619
1254
1247
1255
1252
1255
600
1253
1248
600
1254
1255
1253
1253
606
194
620
620
620
621
621
622
605
622
624
623
1125
1469
1245
960
1045
1102
271
272
1071
1076
744
1223
1223
1223
1223
1207
1210
1214
1214
1211
1219
1219
1214
1216
1209
1224
1224
1225
1225
1225
1361
1407
1420
1291
487
481
483
483
482
480
473
487
1190
1131
1243
1360
960
1132
1356
1356
1225
1477
1471
1453
1190
511
511
515
583
582
186
1410
369
1259
372
1243
373
371
373
374
375
1257
1204
1299
1243
434
82
169
130
135
136
112
127
504
447
441
440
964
1408
1408
1410
1408
1408
1132
521
222
1202
350
970
974
974
974
976
1062
936
1257
594
1046
1257
1411
620
1357
1230
1230
1230
1243
1237
1257
1283
1360
1359
1059
1287
1253
1253
598
601
1256
1254
1255
1214
1215
1215
1243
1471
1243
1481
1473
1453
1475
636
1470
1358
1261
1263
1469
1269
1358
197
190
198
199
1237
518
516
515
515
515
521
618
1468
223
223
1269
1356
548
550
918
550
542
537
537
537
537
539
1353
1123
1353
1117
1123
1115
1117
1354
430
431
431
432
432
1357
430
428
1125
1190
1190
1190
1189
1189
258
266
265
264
279
262
261
862
864
876
875
879
166
165
167
165
317
317
407
407
406
1437
485
477
487
485
915
494
489
737
471
470
1340
445
439
443
443
727
727
653
64
64
61
61
62
52
63
52
51
28
53
60
55
53
32
36
37
37
37
34
505
477
478
463
49
27
69
29
15
15
15
16
94
98
12
29
67
36
38
25
29
21
54
47
46
47
45
13
16
17
17
45
44
42
27
27
101
102
100
69
464
1106
1451
1109
1108
1109
418
1450
1110
409
1108
1405
894
218
1127
322
1217
1241
1132
320
536
1328
1104
1224
1267
145
652
1442
1435
935
1202
1291
1295
1409
1133
216
351
689
1342
146
1046
1168
1126
1127
1404
804
1297
865
1230
1226
1439
707
1074
219
1419
1014
1226
1177
1115
1291
410
1166
149
1103
1409
681
1047
569
1048
1450
1185
1130
1128
417
1032
397
223
742
1125
301
941
218
728
152
1475
370
319
1133
168
1132
405
782
283
680
48
492
1201
446
446
492
489
1199
639
834
549
550
1427
493
1330
261
1436
1436
1325
150
1325
1329
1325
1330
1291
1297
1297
1287
1287
1287
1287
1356
1370
1371
1372
1375
1375
1375
1375
1376
1376
1376
1104
902
880
880
880
881
902
1216
1475
235
243
240
1439
1439
1480
1481
1473
158
158
208
204
1405
144
584
1413
1410
960
962
973
965
970
1047
1036
1037
1038
1039
1040
1041
1045
1124
1015
1035
1036
858
835
840
897
849
831
836
900
900
377
834
1413
1413
1413
1413
1415
1188
1396
1125
555
555
634
1128
1128
1128
1110
445
409
1107
1107
728
1439
1439
258
265
1187
1100
1073
1103
744
915
1435
1436
1147
1437
780
790
1404
688
1336
1335
1334
1333
1336
1344
633
346
554
1140
1142
1112
1188
295
632
1421
1138
553
812
753
397
396
397
273
691
235
260
266
265
264
263
263
1182
1177
1166
1189
1190
783
1376
1376
1376
1377
841
841
883
1439
1355
1420
1224
1216
1216
1216
1225
1226
1226
1226
1199
1258
1257
1259
1033
1034
1355
690
706
704
689
637
696
636
695
676
1382
1382
1383
1166
1201
1201
281
251
708
692
690
691
700
639
700
722
711
781
1257
262
234
1110
1329
1176
1185
813
1166
819
275
1431
1433
1432
1434
1354
1328
1329
238
249
1179
360
561
561
561
560
560
559
579
561
577
578
579
580
1204
1400
1410
1059
220
1359
1360
1360
1410
963
1007
1013
1057
1012
805
806
803
807
805
1138
1144
1138
1139
1138
1133
1135
1135
1145
1146
1146
1141
1146
1146
800
1166
1146
1166
1146
1028
1325
1325
1328
791
1147
1147
1165
1420
842
881
882
842
843
843
844
845
846
506
502
1442
839
840
846
841
838
862
861
806
808
433
433
1279
1279
1230
1230
1229
1239
1239
1239
1240
1239
1229
1230
162
975
413
1267
1199
1199
1267
1269
1277
1277
1278
1269
949
1057
1059
1064
1411
1063
1058
1411
1062
708
1048
1466
1466
1456
1452
1454
1180
1147
1415
1415
1413
1415
1416
1416
1416
1416
1416
1414
1416
726
1417
1164
1164
1148
1148
1149
1149
1149
1149
1149
506
508
508
103
502
502
1225
1361
902
652
1102
1096
784
785
724
1180
1177
1176
1180
1356
302
332
322
1108
1110
301
287
282
297
296
314
289
310
329
292
291
292
325
292
290
293
895
883
883
884
792
1150
800
508
106
1417
1164
519
1356
1202
1356
1357
1356
1201
1169
1164
1164
1178
1168
1168
1178
1178
1172
1172
1168
1164
1166
1164
1170
1166
1111
1168
1168
1168
1166
1170
1170
1163
449
450
169
456
453
443
447
450
456
456
1205
1205
1427
1328
272
273
1406
636
580
576
1152
1147
805
1142
1140
1184
1142
1150
1177
1148
1150
1406
1176
1151
976
977
1057
1053
1420
878
1109
742
464
459
464
1457
1456
1458
1459
1456
1456
1455
1455
1457
1455
1453
1454
1452
1455
1465
1457
1325
239
273
1048
1225
1226
1216
1259
1259
250
1210
689
688
719
743
785
706
1151
813
724
695
693
274
818
349
1151
775
659
679
216
1341
233
228
1344
237
1356
1473
1202
1202
189
1344
1259
1370
1445
1445
1444
1226
1222
1211
1361
249
1172
1345
1345
1349
1116
1349
1339
1338
1338
1350
251
253
1340
1342
1334
231
233
1172
1163
1180
1350
1350
1340
1350
1350
1350
278
239
275
228
1454
508
1292
1290
1291
1291
1293
1301
1296
1297
1295
1293
1294
1294
1291
1302
1302
1303
587
782
158
1410
1409
1410
1358
1454
1456
1455
1455
1458
1457
739
123
1334
1078
1142
1151
1350
1350
249
1181
1142
866
859
874
874
560
559
563
562
577
578
579
219
207
1123
1106
1427
1427
1428
1428
1428
553
1106
1123
1113
1106
1104
418
421
424
424
341
213
367
371
373
363
358
357
214
215
370
380
389
390
365
385
212
211
214
363
214
391
385
86
1261
1262
1263
586
586
491
774
1096
1094
1094
775
914
786
656
770
651
668
1383
1164
1181
753
917
1344
1434
1436
1436
1437
918
1444
1472
1477
1437
1438
1111
415
1448
1448
624
198
200
625
614
615
913
907
912
1434
1435
916
919
1428
1124
1417
1417
262
715
716
1100
786
735
1354
1354
1172
1181
17
14
61
49
62
11
18
508
18
45
86
83
37
89
85
98
99
85
91
97
97
51
28
50
50
55
221
222
225
750
735
754
754
755
1094
736
106
102
1102
1096
1102
1094
1093
1350
1073
709
1102
1437
1431
917
918
919
538
787
1102
1102
1108
1108
1426
550
1350
1104
1104
709
710
1127
1129
1129
1126
662
788
788
737
693
737
691
700
710
702
1399
1124
1358
1152
1178
885
898
885
886
886
887
888
889
1227
1227
1216
934
935
934
941
1048
1049
1049
1049
1057
1050
1051
1045
933
940
942
937
939
938
940
943
1077
89
94
43
1263
1263
1261
1259
844
845
845
846
840
847
839
839
275
443
138
138
139
139
139
139
140
140
140
141
141
142
128
446
444
131
130
135
443
455
455
1418
1406
1405
1405
1410
1017
1024
1477
1475
877
882
883
884
885
889
894
895
882
1216
1217
1217
1217
1217
1094
1100
1328
1328
1329
1342
1094
1092
1092
1092
1092
276
1165
1187
674
789
1406
1405
1406
902
796
1189
1188
302
1411
1411
1362
976
1245
1068
1229
1356
1092
1477
200
522
263
256
256
608
607
847
847
848
848
848
712
790
1069
470
1124
351
1455
1466
1455
1459
1459
1454
1454
662
876
867
920
920
1437
932
1432
920
538
539
541
1058
1425
664
1432
548
553
920
921
922
926
927
1332
1332
1112
1340
1342
1341
1331
1328
1350
1428
1428
1432
922
1329
922
1330
1334
1334
1051
1206
1206
1467
1469
1287
281
282
253
255
1217
281
365
365
360
355
359
1447
899
1425
1415
970
978
1019
1052
1052
1026
1053
1025
1034
1034
1034
1123
1410
1053
971
961
972
973
964
978
1045
1045
1024
1026
1030
1017
1054
1036
1037
1037
1038
1040
1041
1045
1001
978
1035
1110
785
654
784
738
790
783
752
769
773
667
1227
1227
1224
1224
1227
1227
1217
1217
1218
1218
1218
1218
1219
1361
1215
1215
1219
1219
566
710
637
711
177
1396
1396
1350
657
708
663
667
781
922
553
1351
1351
1115
768
176
1351
1336
1092
668
181
182
183
180
1443
1443
1443
1096
632
669
922
183
707
1180
712
183
1443
1432
1351
1129
1466
1466
1466
1466
1466
1465
160
1298
1299
1203
1299
1299
1299
1305
1299
1299
901
1477
1471
1445
1470
1477
1473
215
206
215
1111
1199
1199
1267
1278
1278
1279
1279
1280
1228
1228
1065
1446
1473
1471
1228
804
808
608
601
798
799
802
1351
1110
1351
1351
1342
1351
1338
1351
1351
1352
225
220
220
5
226
222
1255
1255
1249
1255
1249
1249
601
598
1046
1054
1397
1144
1140
1170
1182
1032
1352
1329
1404
1406
1426
1426
1381
1150
1148
1148
1150
1149
1176
1182
1182
1180
1182
1182
1182
554
1436
921
1432
923
1352
152
151
1333
1408
242
1407
617
1204
1203
1204
1204
1204
679
1450
1450
411
410
348
408
298
314
311
402
315
164
1477
1477
189
793
802
802
108
1245
1247
444
1357
372
349
326
309
408
327
327
309
424
335
1219
1228
1228
1219
1214
1214
1214
1361
895
1092
1092
44
1407
1378
1378
1376
1376
1377
1377
1378
1378
1378
1370
427
427
1352
535
1123
1115
1123
1418
1425
1241
1357
1237
1237
1237
1239
1237
1231
1231
1242
1239
1241
1241
1241
1241
1241
1241
1477
1469
1469
1477
1477
1418
626
626
1249
1255
1255
629
201
201
629
629
625
605
606
604
604
604
604
602
603
1357
1130
1130
1130
1128
1474
1286
1000
1337
922
1182
1263
1473
1223
1223
1223
1211
1219
1219
1214
1216
1222
1222
1362
206
459
480
470
483
485
482
485
484
483
474
477
472
485
485
1191
1190
1202
1229
1264
1264
1193
1193
1356
1244
1199
1459
1459
1287
1299
511
512
583
445
380
1411
1356
386
1263
1473
1476
1446
386
385
386
975
1299
1243
1299
1300
1300
169
486
510
478
487
445
478
472
142
143
143
122
122
121
507
451
451
449
449
447
447
445
443
434
187
186
488
1410
1410
625
613
519
221
1202
1202
975
979
979
980
976
1065
1065
384
625
451
1000
1000
1054
1229
1295
1360
1360
1200
1200
1229
595
597
597
596
596
1255
1057
1222
1219
1220
1215
1215
1361
1362
1480
1245
1264
200
1358
1357
1215
1265
1198
1480
1198
1283
1295
1287
190
1237
943
1238
1198
519
519
518
520
518
522
517
520
584
603
1243
1474
1245
1246
1473
1247
221
1111
1112
535
535
523
532
532
549
532
531
531
531
530
1344
1352
1352
1352
1123
1115
1352
1352
1114
43
1190
1189
1189
277
276
277
274
862
166
159
166
165
327
404
311
328
328
404
294
403
398
1438
1076
487
486
486
483
914
1352
1092
510
504
510
466
470
467
177
490
446
443
442
791
787
1149
54
47
48
64
64
65
29
65
54
48
46
38
44
43
501
104
106
503
485
65
66
66
30
67
67
63
91
97
97
100
90
10
15
10
8
9
7
8
7
84
88
67
68
68
28
68
69
21
70
70
71
30
72
72
72
72
73
9
73
30
73
6
73
1449
417
1426
1418
585
1448
1301
1228
1476
168
199
1470
1106
537
252
1206
633
570
387
849
681
1133
1123
1432
530
1222
1169
999
1127
1480
1222
1280
1481
1168
1168
980
1019
999
655
1224
1182
1227
621
576
206
1354
998
669
156
754
1231
530
1114
998
1471
1133
322
526
417
1152
1338
896
1351
1432
1178
1113
1352
1229
1182
1130
394
998
675
1182
632
311
1352
294
1447
618
417
570
1133
1475
581
1145
869
1228
1445
445
493
452
1446
164
694
849
1107
529
1418
809
1432
1431
1431
1334
1336
1344
1332
1331
1330
1352
1352
1329
1306
503
504
507
1379
1379
1368
1368
1368
1363
1372
1373
1366
1363
1363
136
127
126
447
449
896
904
868
555
1214
1471
1473
1470
1480
1416
1414
1417
233
226
242
238
245
246
246
669
1439
1439
1438
1438
1438
1103
1438
1438
1439
1438
1481
158
1477
1478
205
593
959
959
958
958
1014
1013
1016
1062
1011
1010
1009
997
899
830
387
388
184
1416
1415
631
1338
1336
1344
1340
1336
803
1112
1417
1130
1127
771
1426
670
1130
767
1112
765
1398
756
734
413
271
413
1074
698
756
1428
1427
542
591
1438
1407
1405
638
163
338
1353
1353
1353
1353
1353
1353
1353
1353
1354
1351
1354
764
1113
1113
1188
1102
330
808
635
630
1108
1417
1144
1152
529
347
312
312
1451
274
238
227
277
278
237
236
1183
1183
1123
1124
1164
1184
818
401
1184
1096
1378
1378
1378
1370
1363
896
897
830
830
897
829
157
109
1418
1220
1220
1220
1222
1220
1220
1220
1227
1227
1224
1224
1227
1227
1222
1222
1111
1258
756
763
763
1257
997
712
713
720
738
711
670
638
713
678
681
1355
1184
1184
1173
1184
1150
1201
1200
1201
255
714
714
669
714
670
715
715
716
697
696
762
1417
739
738
1356
809
1145
1333
1332
1354
1112
1172
1184
1186
1186
1186
1184
816
1431
924
1431
920
1431
1334
1334
1336
1344
1332
1331
1330
243
556
564
567
582
568
569
575
5
565
570
582
558
558
558
1066
1067
1360
1359
1052
972
1026
1052
1025
1033
1124
957
807
809
804
810
1398
1152
1153
1184
1153
1184
1153
1153
1153
1153
1393
1152
1176
1153
1184
1138
1039
1041
1140
1398
1153
1154
1185
1092
753
1200
897
898
829
898
829
829
828
828
828
828
827
827
1438
107
867
827
827
899
837
433
1211
1215
1268
145
1269
1267
1267
1276
1267
145
145
1230
1240
1231
1231
1231
162
1241
161
161
957
1066
1280
1281
1281
1269
1282
936
1057
957
1067
1064
1443
1466
1465
1459
1454
811
1185
1395
1151
682
1416
1416
1414
1416
726
740
678
1417
1414
1179
1179
1154
1357
105
508
1226
1217
1217
1222
877
820
671
670
655
762
762
1185
1207
296
336
329
1109
331
1109
1110
332
1108
300
294
299
298
304
309
300
295
298
312
342
297
292
325
290
293
319
163
337
887
888
812
502
509
500
103
1201
1179
1170
1170
1164
1181
1182
1167
1185
1185
1177
1180
1168
1168
1170
1142
1396
1151
1177
1170
1144
124
452
455
448
444
441
449
121
1205
1205
1205
1205
540
542
543
923
528
1354
251
252
278
271
255
279
1355
660
634
562
577
1355
1379
1146
811
1185
1154
1406
1407
1143
1172
899
1110
434
433
1459
1459
1455
1459
1459
1458
1459
1457
1459
1459
1459
1464
1464
1455
1455
1165
1429
279
1185
1028
1263
1261
1220
1265
659
826
706
718
1135
1135
1135
710
802
793
818
1135
1480
1481
342
1094
678
1354
1480
510
426
1363
1363
1371
1371
414
414
1222
1210
1220
1226
1220
272
277
278
280
1176
1185
1350
1354
1354
1340
1342
1334
1343
1354
1354
1144
265
1338
256
257
234
1180
1178
1185
1185
1186
1135
1380
1355
1355
1135
244
244
1455
1301
1296
1297
1295
1293
1293
1293
1291
1302
1303
1303
1407
1408
956
1409
1409
1410
1409
1132
1131
1464
1457
1465
1465
1465
1457
1453
740
1336
1344
1130
1079
1186
1355
1355
1355
1325
1350
1325
1325
257
764
1176
1481
1260
1220
1245
563
566
581
567
568
218
216
743
745
592
184
205
207
1106
1104
904
1426
549
1113
1113
1115
1104
1105
1108
1108
424
425
425
425
425
347
207
366
212
391
372
387
377
370
370
374
375
367
367
356
360
377
207
185
1305
99
1466
1361
1247
1259
1261
1260
1245
1245
1132
591
591
490
491
440
440
489
489
667
1069
1092
781
1092
1340
660
787
1089
1095
1130
1072
1071
664
1075
1127
681
1102
768
1394
1186
244
241
1431
1431
922
924
242
1358
1457
1355
1475
1360
1480
1481
1437
1449
1448
415
603
603
615
529
1431
1433
1431
923
914
920
912
1433
925
1428
528
528
1427
527
523
526
1429
1428
1112
1111
1187
1123
1123
1186
719
1100
671
918
1428
1113
1186
1186
1186
27
26
74
26
49
10
24
22
74
98
91
93
74
21
56
53
60
222
225
747
740
1360
500
494
1079
1091
1091
722
719
719
1325
1325
1091
1096
761
761
703
537
1104
1090
672
1090
1429
336
1324
1106
1104
1103
712
713
1090
680
1130
1126
1126
1126
1127
1127
672
688
709
720
720
780
760
699
672
651
760
1446
1357
1393
1145
1186
1186
1186
866
861
859
875
874
873
869
856
856
904
1226
1223
1222
1222
1215
997
944
944
1408
945
945
947
947
933
941
942
996
996
995
995
994
943
937
948
948
1067
948
1010
1009
1008
994
1370
1077
1200
84
38
36
1265
1265
1265
1259
826
826
825
825
1261
259
259
120
120
120
112
119
119
138
118
114
114
114
114
439
445
441
440
142
142
143
122
121
121
1451
1130
1128
1407
1407
1407
1407
1406
959
1110
1112
1481
1415
1415
1415
1112
856
1214
1215
1216
1219
1219
1090
1090
1075
1070
1324
1324
1323
1443
1092
1097
1100
1090
1090
1171
675
721
770
759
768
740
765
244
652
1408
1408
905
1350
1189
1189
303
332
330
333
302
314
314
333
331
1411
1412
1409
113
919
1230
1229
1437
1285
1362
1335
435
1265
1263
1196
404
245
605
1288
842
843
844
856
185
709
651
721
721
466
84
294
350
1465
1465
1452
1452
1455
860
853
532
1433
1427
1430
1430
529
925
525
1427
1064
1418
741
913
1430
930
1430
1323
1323
1323
1427
1426
1434
917
1339
1323
1323
1323
1408
1408
1030
1017
1047
1443
1232
433
1206
1206
1481
1481
1245
1203
250
1207
1218
1477
1478
1201
204
354
355
355
364
357
354
363
354
366
367
1447
900
541
1418
1418
1420
1413
963
955
955
1050
1050
1045
965
955
955
1408
956
954
957
954
950
953
953
953
953
952
952
956
993
993
993
993
1000
992
997
992
992
1055
992
991
991
991
987
990
990
996
996
995
995
1115
816
817
652
650
651
646
730
725
741
759
765
786
759
690
658
1221
1221
1225
1226
1221
1227
1221
1211
1221
1209
1209
1209
1216
1211
1217
1361
1217
1216
1216
558
646
703
1438
176
186
1323
1344
705
1439
1439
783
180
179
1443
173
175
175
185
173
178
646
170
672
758
747
763
646
174
174
236
1135
661
1155
1182
1167
722
711
713
174
174
1443
182
183
663
721
645
1323
1432
1466
1293
1293
1292
1291
1302
1303
1304
1297
1295
1291
1291
1295
1203
901
1474
1446
1481
1446
1481
388
215
388
1412
1276
1199
1282
1282
1283
1283
1200
1221
1215
1221
1209
1481
1445
1444
1482
1482
1228
1228
1228
1468
1445
791
799
799
798
796
1323
1323
1323
1323
221
224
224
1255
593
1253
1253
1252
596
595
1256
595
107
1380
1147
1165
1187
1323
1404
1426
1408
1380
1380
1142
1135
1140
1134
1187
1187
1188
917
1435
1332
1354
1434
912
1436
911
536
537
148
1322
1322
1322
148
147
150
1054
1404
623
190
202
203
615
603
1205
1203
1204
1203
1203
1203
1204
205
674
1447
1451
1447
416
410
412
349
1447
1447
1447
414
395
401
309
392
392
393
401
402
950
1469
1247
1247
1247
1445
106
801
813
1465
436
108
389
402
312
295
326
395
330
396
407
327
326
291
328
1108
339
347
340
335
1219
1214
1216
1209
1361
1362
1209
1209
990
1407
1368
1370
1372
1373
1366
1363
1363
1369
426
428
433
427
531
1117
1231
1231
1235
1235
1236
1242
1237
1229
1237
1236
1477
1473
1244
1359
1358
1198
1198
1255
203
1248
1253
1253
1256
1256
1254
1255
1253
1253
1247
1247
1255
1255
202
203
200
201
605
622
624
623
603
624
613
615
603
626
626
1131
1130
1130
1126
1126
1126
1127
1471
989
1322
1321
1429
911
1221
1221
1221
1209
1209
1207
1207
1221
1225
1225
1221
1361
1361
1237
1420
1420
1257
469
481
467
487
480
480
487
468
469
467
481
478
474
482
479
482
1190
1191
1196
1229
1231
1238
1239
1261
1359
1457
1200
1200
1459
1468
1285
1451
1285
516
511
584
583
436
1051
389
390
391
1358
612
607
605
605
1358
1204
1247
1067
1304
1297
1304
479
82
467
472
119
112
137
449
447
447
188
1409
1408
1131
1132
1055
1056
989
1053
1258
1201
1202
952
950
980
951
951
1068
1257
593
1482
380
1191
1412
623
622
603
1068
1206
1199
1242
108
1281
1360
1359
1063
1229
1200
1359
1247
594
593
599
598
1247
1247
521
1221
1221
1362
1245
1245
1245
1477
1265
1244
1468
1468
1359
1453
1259
1263
1261
1259
1200
1468
1472
1257
202
1237
1237
1358
520
520
522
584
1200
603
1358
1359
225
1267
1269
525
525
924
525
528
527
535
527
526
526
524
524
545
524
546
548
523
523
527
1116
1321
1321
1321
428
429
429
431
1357
430
429
1112
1189
1189
1190
1189
259
260
257
884
889
894
895
328
289
403
405
392
320
1358
1438
488
477
473
634
1321
630
1069
510
493
466
471
469
471
468
488
1325
911
436
746
735
753
745
763
1138
1002
74
62
50
24
59
48
75
75
75
75
76
76
54
24
49
33
32
508
510
504
500
32
46
47
46
76
76
92
87
9
10
8
12
7
18
98
99
6
9
80
81
51
81
465
22
55
81
12
82
22
463
465
30
31
33
33
33
101
101
82
70
71
416
1109
1109
1134
1408
1218
948
287
1449
1467
1128
849
169
1145
326
746
605
1133
989
758
1227
1133
350
1127
516
1106
857
905
1053
219
1321
707
716
691
348
1321
731
1321
834
951
1323
631
148
1447
1134
912
1187
1133
1128
1193
1127
1117
1259
1125
1187
1321
722
771
1152
1035
603
1438
939
863
1432
1140
1321
1132
1426
426
1126
1231
1247
676
1208
1249
1248
283
1221
1435
1125
335
933
378
321
949
394
603
1090
603
674
406
1049
441
488
51
441
449
489
1243
645
825
1108
1108
537
537
1428
1417
806
491
491
1340
1336
1325
1324
1321
1321
233
1305
1299
1299
1288
1287
1286
1286
1287
500
506
509
507
504
1367
1368
1368
1370
1372
1373
1363
1363
1363
1132
1362
1102
434
854
854
854
865
860
859
906
1357
775
1102
1299
1305
1299
1467
1211
1477
1471
245
246
246
668
1438
1438
1439
654
784
1438
1400
143
592
1409
989
988
1055
981
1033
951
901
900
1412
1412
1415
1321
800
1112
1110
1415
1188
1127
554
554
758
1130
1126
1126
818
780
1417
415
699
757
1449
1185
1090
1321
409
1090
1075
759
920
921
911
923
1430
1431
1431
1430
1430
588
1349
1401
1077
1104
723
339
339
1320
1320
1340
1342
630
757
641
1077
1110
1112
949
783
809
1417
284
1135
1134
811
258
316
723
723
261
261
237
236
259
260
1170
1184
1176
1138
284
1187
1363
1363
1363
1369
1367
826
107
1362
1374
1208
1227
1228
1243
1247
1258
774
168
1028
987
724
643
693
644
705
757
1071
1355
1135
812
1134
1187
1201
1200
1286
1287
1201
281
692
644
588
592
761
760
742
688
687
687
671
758
772
730
1413
732
1354
1320
1320
1319
1319
1110
1319
1187
1187
1185
1187
1178
1187
1176
910
907
926
927
1430
1432
907
1430
1430
1436
1436
1319
1319
1319
249
253
557
569
557
557
581
560
559
556
562
577
578
579
1407
1405
1111
1058
950
954
981
981
986
986
1055
808
805
803
810
803
1149
1182
1188
1134
1134
1142
1151
1134
1134
1186
1133
1142
1172
1185
1142
1151
1188
1180
1177
1134
1134
1134
1016
1092
1319
1179
1179
746
1420
1417
824
1399
824
824
824
835
840
822
848
830
884
889
144
1277
1277
1278
1269
1267
1239
1239
1231
161
1230
1229
162
162
1200
1265
1266
1266
1266
959
1053
1063
1411
631
1443
1465
1451
1172
1172
1140
1164
1166
673
1416
1412
1416
1415
1417
1417
1412
1412
1412
743
1412
1414
1167
1144
1144
1186
1166
502
504
503
104
499
1211
1209
1361
1400
644
1096
857
738
1152
1147
349
284
287
335
334
334
334
325
331
333
315
311
310
315
316
304
298
317
316
316
408
284
283
293
288
295
296
333
1229
854
854
854
1414
1412
1415
797
504
506
505
509
105
499
102
1107
1188
1355
1355
1188
1163
1162
1183
1183
1162
1162
1164
1184
1162
1162
1184
1162
1180
1162
1162
1162
1162
1162
1162
1160
159
1380
1134
1160
1160
1160
1161
1164
473
456
454
129
130
448
436
132
1205
1205
1430
1426
1417
1401
1355
689
661
685
631
630
629
578
181
580
557
556
1380
1161
1161
1187
1404
1418
1421
1140
1142
1161
1134
952
888
1109
459
464
465
1457
1453
1453
1465
1457
1455
1321
273
1112
1050
255
1210
1208
1362
1259
1265
1259
1208
1208
1264
806
683
656
684
769
1380
1147
1148
1168
816
684
797
797
643
757
643
764
679
675
680
1319
228
1319
1467
1319
1332
416
412
415
416
411
1446
1444
1220
1227
1228
1225
1160
1342
1319
1319
1328
1319
1319
1318
1318
1318
252
1141
1138
276
276
1342
254
226
227
245
1177
1178
1160
1173
1133
1318
280
227
272
637
1451
1451
1451
1451
501
1291
1295
1299
1291
1299
1300
1300
1294
1290
1290
1291
1298
1306
1407
977
1355
1409
1455
1458
1456
1457
1451
1452
1451
1451
739
737
742
725
1130
1128
1127
1092
667
1321
1317
1330
1317
1317
279
677
855
857
1208
1208
1208
1260
580
563
555
566
1155
592
746
1105
535
1428
522
547
1105
1115
1116
1429
1107
1108
1105
1104
1106
421
336
1189
374
376
369
352
214
178
379
389
390
390
385
375
352
366
391
371
386
213
1429
93
1467
1466
1262
585
585
585
1132
1132
1132
492
435
444
489
1100
695
1090
1090
1090
1075
1091
653
1431
909
1323
755
769
773
666
1095
1089
760
1092
439
439
1072
671
643
642
1451
1394
1164
227
236
228
1350
1434
1317
1317
1317
229
108
1443
1445
1467
1467
1467
1481
1437
1414
1450
1447
1447
1450
603
196
195
195
603
605
602
1431
922
924
1430
1430
909
907
1427
530
926
1430
1430
1429
1429
910
1429
854
1123
1123
1188
1124
1392
1352
1426
1317
1352
1160
1182
13
16
68
70
1317
31
71
99
100
88
84
85
89
66
18
63
45
224
752
747
745
747
752
748
729
1360
1104
1103
588
1088
1088
684
638
1088
684
744
743
1429
642
644
725
1105
1104
1103
1090
1106
1426
1429
1427
1429
1317
1317
725
683
683
1128
1125
1127
1128
1128
642
1125
789
697
729
640
756
705
683
682
640
645
641
660
1357
1357
1379
1382
1393
1179
887
888
854
851
864
851
851
851
850
850
1227
1223
1215
942
934
938
934
932
949
944
944
935
945
945
941
1047
998
986
932
1058
986
933
1407
100
90
89
85
43
821
821
821
822
822
821
254
257
250
231
113
113
113
112
110
110
111
111
111
110
109
110
120
441
454
111
119
130
132
135
127
126
109
128
1126
1160
1404
1421
1407
1051
983
1467
1246
1412
872
157
1285
1208
1208
1217
1208
1362
1361
1208
1090
1089
1317
1317
1317
1317
1078
1096
1079
1089
1084
1090
1160
1188
653
1088
1079
1406
1404
1407
1404
1400
1330
903
906
903
1133
1189
1189
282
330
494
492
503
502
218
1410
1411
1411
1411
1411
1362
1301
186
1317
1202
588
433
1360
1198
1317
1208
1475
1469
337
1467
376
1191
1269
517
1160
823
822
825
823
823
823
641
1074
639
204
1465
1453
1451
1465
724
850
850
855
1431
1433
925
524
1429
1426
535
1059
1429
910
916
906
544
152
1435
927
916
1316
1316
1316
1311
1315
1315
1333
1332
1429
906
1430
1338
1429
1409
983
1206
1206
1206
1206
1206
1206
1467
1469
1231
160
1203
282
260
1245
1467
1445
1474
1467
353
353
353
368
352
354
353
366
365
355
812
810
536
1108
1412
1414
958
958
983
982
988
988
982
987
1033
962
1418
1409
979
979
980
975
977
1046
1057
982
999
987
991
1002
1018
1001
1001
988
1020
1018
999
982
1014
981
1024
954
658
661
785
762
732
739
773
764
736
682
1225
1226
1223
1222
1222
1208
1208
1208
1210
1207
1207
1207
1211
682
1315
1381
176
175
637
1315
1315
715
641
659
910
182
182
755
1315
755
1443
170
170
170
175
1443
687
1095
780
1143
761
184
179
180
642
640
1160
1160
1139
640
1135
173
1443
645
1465
1466
1466
1465
160
1306
1293
1306
1203
1307
1304
1297
903
905
905
903
1361
1473
1467
1467
1467
368
368
173
359
368
380
213
211
1112
1199
1200
1275
1265
1265
1265
1265
1280
1265
1265
1265
1267
1268
1210
1220
1211
1445
1443
1470
1445
1481
1481
1229
1446
195
190
603
1248
796
799
1315
1330
1315
1314
1307
1307
1334
147
223
220
4
602
600
1249
1249
600
598
1381
1160
1133
1177
1169
1414
1414
1334
1405
1405
1145
1133
1134
1160
1395
1134
1160
1162
1182
1162
1162
1188
1155
1155
1158
913
1319
1319
1307
1434
1435
1433
1433
1316
1351
1351
147
149
147
146
146
1351
146
994
994
983
990
1003
1012
602
199
203
194
194
601
619
603
1204
1203
1449
1450
414
1448
1449
348
1447
1448
411
310
398
396
393
393
164
394
792
792
801
798
811
819
1246
369
369
290
319
322
408
403
392
300
323
288
290
320
318
1108
337
1209
1209
1220
1220
1220
1211
1018
485
484
540
1198
