7391
126
691
724
862
721
729
990
728
960
725
531
568
1188
1186
930
1097
793
1180
1200
936
291
347
488
485
483
506
311
501
387
389
316
318
335
420
300
310
955
1356
1357
1317
1221
1297
1261
1397
1299
1269
1323
1230
1265
1337
1144
1430
1202
1430
1489
1221
1133
1203
1222
1430
1255
1220
1200
846
710
743
820
743
461
369
1290
1158
1125
1353
906
782
688
499
644
1297
659
616
536
9
586
580
657
605
580
583
563
535
578
8
605
605
605
605
588
664
566
846
102
233
79
78
254
136
253
237
237
101
92
246
183
517
500
450
1033
842
488
447
402
431
515
441
397
320
419
507
433
453
447
594
447
406
447
412
531
528
599
1481
1482
439
1259
1132
1220
1172
1176
471
1265
482
1090
1259
470
637
617
395
419
230
229
190
176
206
132
128
200
184
215
157
211
203
192
150
155
226
198
207
1295
501
1127
1182
1245
1451
1190
483
1092
1113
59
1134
1291
1287
1249
1237
1275
1293
823
441
369
397
1255
382
398
1334
1330
1332
1203
1203
623
622
618
502
281
393
444
404
402
427
356
407
433
461
443
451
395
373
443
488
582
1392
1329
1336
1341
409
447
431
1336
1330
1205
1394
453
392
497
1124
1202
1338
1310
1196
1238
1258
1186
1176
1223
1352
1352
1352
1235
1469
1158
1353
1241
1219
107
70
18
679
524
528
537
537
545
528
673
528
546
597
667
1166
1187
1355
1112
1355
1355
1474
274
872
877
837
912
851
944
13
930
896
921
694
769
1006
920
904
804
1319
1330
1321
1319
1335
1257
1325
1132
950
1029
822
168
48
124
249
1321
1295
67
272
179
252
270
245
1302
1307
222
60
924
767
927
728
937
796
1330
119
151
92
159
80
211
143
75
53
232
131
88
145
147
182
73
264
99
100
185
66
217
135
141
108
114
122
167
173
201
272
177
77
262
103
201
238
147
235
131
102
68
83
260
243
90
203
129
179
115
197
193
108
1354
1356
1356
1357
917
1302
535
1296
292
289
345
745
941
1258
302
805
1342
1355
1355
35
33
11
1207
1357
1357
317
537
752
12
756
656
1323
1317
14
11
12
4
1123
32
1299
1259
761
1272
1283
671
1026
1143
1109
1270
1286
296
743
33
737
36
768
753
1270
1339
753
689
1271
1259
1320
1296
756
757
1253
1249
1262
1123
1253
750
1318
292
950
1337
1135
34
34
1133
669
304
1259
1264
1249
710
1247
1253
331
1256
15
560
282
1255
1237
295
32
1337
278
290
359
885
1082
1012
1010
202
1164
1321
1203
33
1168
1160
1342
1209
1164
602
577
577
638
524
112
778
711
714
686
1007
779
230
185
116
228
192
225
192
882
852
886
869
765
924
562
457
1202
1379
1177
1267
1354
802
965
972
828
703
704
504
510
510
6
1241
1376
1253
1245
1239
1144
1110
1318
1287
1172
1293
1319
1247
1263
1331
1319
1325
1335
1321
1323
884
775
1201
17
935
1153
1325
1310
1291
1330
1333
1222
1235
696
950
742
824
1230
1295
1307
1295
200
1132
987
986
37
865
1104
850
1429
1122
1033
816
883
900
1231
1115
1182
1128
1241
1158
1160
1248
1218
863
974
1229
1210
1222
1156
1221
850
1230
1221
1223
1224
1224
1214
1228
993
1106
1228
1221
1236
1226
1221
1207
1223
1221
1221
1223
30
1217
1393
1178
1214
940
951
945
954
1014
891
944
786
975
849
647
611
653
635
662
574
603
556
387
995
713
689
1261
1020
854
949
854
999
949
927
770
1195
920
970
1295
506
386
943
1031
1021
720
951
956
951
844
973
1257
1238
1215
952
806
1255
1345
1124
36
44
1243
1215
1176
1172
1358
1358
1358
1358
1359
1359
1359
1359
1359
1359
1224
1360
1360
1360
1360
1360
1360
1325
1360
1297
1237
1261
1265
1263
28
1235
1265
1138
1293
1246
937
705
949
1317
1110
1361
1361
1361
308
314
301
306
1334
1332
1122
1188
1166
1361
1361
1361
1400
1158
1209
1362
1362
1362
1362
1362
1362
1362
1362
1265
1170
1363
1363
1363
1363
1353
1338
1336
1336
922
1366
1367
1368
689
1056
298
1043
1039
1047
1048
1059
1057
1047
22
1071
1049
1045
1057
1049
852
884
969
837
1024
1051
1353
1124
477
495
468
487
464
375
124
478
436
385
434
351
516
515
423
474
301
459
428
479
1237
333
1355
1156
1368
932
1368
1235
1377
1369
1370
1370
1370
930
847
1370
1370
1371
1371
1371
1372
1319
1132
1321
1323
1311
1313
1331
1128
298
217
52
251
63
179
88
550
970
955
934
1055
1011
955
12
806
1287
1372
1372
616
1372
1372
1372
1373
1374
1330
1374
1374
1374
1374
1375
1206
1140
1376
1321
1200
1178
1378
1378
1378
1379
1380
890
920
936
958
1053
266
149
78
186
175
227
1380
445
310
1381
1381
1382
1382
1489
1383
1336
1361
1361
1394
1396
1128
1398
1156
1190
1342
1401
1404
1404
1404
1404
130
72
191
49
170
186
145
158
543
547
530
527
679
519
526
1282
1404
1281
1263
1355
912
1170
1182
1405
1356
1357
1357
1405
1405
1405
1405
1406
961
977
956
940
972
695
1406
1287
1406
1272
1239
616
161
245
350
290
358
341
1255
1297
1406
1406
1407
1407
1407
1407
1407
663
657
508
445
404
626
1319
918
971
835
1247
1115
1178
1123
1083
954
1325
1407
1408
375
1243
1084
1052
1076
975
686
1016
976
980
1408
1206
65
1408
1249
1408
1408
961
928
694
1408
1409
635
646
632
1409
1409
1409
1409
1409
1127
1166
1223
1237
1410
1190
1237
1205
1332
1152
1410
1410
1410
1410
1410
1138
1411
297
288
51
658
544
636
594
603
673
674
562
594
631
680
682
541
573
907
1411
1411
1286
977
983
1014
1214
1411
982
300
368
305
319
380
377
364
483
518
989
790
1011
701
1162
1320
1277
1291
1127
1160
1319
860
916
962
916
734
322
321
639
1411
1411
1263
1190
1412
1150
289
1216
1195
1334
1259
751
990
1206
1317
1299
1297
897
1285
977
1058
920
974
826
884
714
1162
1311
1295
1229
1223
1253
1255
1110
1325
1177
1218
1229
1108
1108
1319
1317
1144
1297
1412
1296
125
595
548
659
521
486
5
355
398
5
468
730
735
1010
735
166
178
184
225
1034
857
864
854
923
834
1412
733
881
931
927
828
826
875
916
1011
941
842
1024
999
842
1412
1413
1413
1413
1413
1414
1414
1414
1414
1217
1415
1415
1263
390
488
430
421
328
393
440
1415
1122
1415
1416
1222
1416
1416
1416
1416
1416
1206
1282
1208
1286
1226
1214
1202
1196
1164
1220
1179
1191
1214
1218
1115
1218
1196
1456
1149
1196
1246
1228
1219
755
1334
1230
1123
1125
1286
140
122
122
278
279
117
115
264
183
241
241
262
151
123
65
66
128
66
138
168
244
246
250
244
1117
865
1104
966
693
262
1067
1084
902
1073
1080
1200
902
797
868
1077
1101
1309
1053
1208
1265
1208
1287
1102
799
918
742
709
1287
1206
1351
707
808
797
982
903
700
836
1103
902
969
901
905
691
835
848
687
1083
938
861
719
1073
856
815
837
940
355
292
1202
1473
910
854
916
896
864
854
720
1102
874
917
911
866
598
611
560
1293
1339
1120
1323
1170
1222
1340
1142
1126
1229
1126
1202
1352
1352
1354
47
1197
1353
1267
897
93
1148
1132
174
164
64
183
449
375
398
512
290
459
981
1209
160
228
201
199
130
73
236
180
52
148
157
182
170
178
208
140
148
280
226
252
222
228
141
246
55
74
701
740
802
748
1156
1180
1138
1265
1208
1209
1214
1158
1340
330
1291
902
918
974
535
651
626
632
633
603
558
544
793
1199
989
939
811
1017
736
981
893
788
913
791
898
1031
1103
867
822
700
818
822
938
1198
1108
1218
1217
1204
48
59
1124
1214
381
218
869
441
973
416
1198
1451
445
826
354
386
467
394
357
298
392
447
883
781
889
759
1209
164
54
1211
1210
1172
138
364
366
304
703
741
739
1221
1190
1179
1176
1257
1204
1352
1263
1189
1007
740
17
692
696
785
1220
1133
1357
1357
31
29
1285
1208
1207
1216
1323
1317
1439
1207
1247
1198
1176
1127
1241
1249
1354
1271
1271
1199
1217
1263
1325
1256
1291
487
491
314
367
677
377
575
568
501
603
612
681
406
453
293
1209
1209
1110
1235
1150
1106
1252
1209
1349
1210
1353
1328
1377
688
1078
1253
791
1211
1154
1255
1239
33
1261
35
1210
1239
1203
1205
1224
1237
1241
1362
1220
1334
1397
1198
1160
1344
1204
1245
1204
1418
1343
1338
1243
1181
1275
1158
1351
1451
1184
1235
997
991
956
762
886
904
740
752
969
572
623
558
630
580
603
670
619
995
1179
788
1200
1355
911
878
949
775
924
1328
727
876
910
895
776
1179
1179
1200
739
910
1115
917
812
1241
1111
1243
1275
1056
358
945
668
556
621
654
670
538
596
588
520
609
617
592
680
527
458
459
449
439
425
1321
1325
1291
1330
1295
1189
328
353
455
474
600
583
630
1316
1471
1471
432
327
314
363
1222
1170
1208
1299
1261
1265
1122
1299
1415
1243
1241
1245
44
1195
1107
1203
1178
1228
1201
1198
1224
1226
1426
1152
1200
1356
1132
1130
1134
1110
1134
1350
1223
1202
1147
1195
1108
776
796
1197
1225
1190
1215
1160
1146
1199
1156
1201
1203
1214
1210
1134
1233
1172
1126
1226
1330
1207
1201
37
31
1170
29
1156
1200
1216
1378
1350
1209
1317
1205
612
585
624
597
581
587
675
539
396
12
1075
1126
1448
1330
1451
1204
1205
1196
1193
1425
1187
1184
1410
1378
1122
1278
1471
1242
1122
1209
413
468
1319
1351
321
1261
1214
1218
1249
1279
1358
1358
1358
1218
1359
1359
1359
1359
1359
1359
568
537
610
625
630
647
681
671
545
615
762
724
719
786
812
1065
1091
725
547
543
1198
1133
1320
1132
1198
1361
1361
792
793
806
1168
1334
1332
1111
365
302
385
401
335
359
405
319
371
410
369
336
283
308
436
337
478
469
506
1034
1363
1363
1363
1338
1336
1227
1147
1115
1367
1368
1133
1111
1426
1201
1344
1203
1350
1427
1203
1224
1205
1203
1201
1203
1208
1228
1087
474
411
1336
1189
751
1353
1358
971
718
922
586
607
592
660
621
522
649
629
672
618
580
607
603
557
536
537
664
584
555
610
978
851
537
243
237
103
85
87
226
262
260
320
956
450
457
1371
1084
416
386
601
411
423
356
317
365
443
371
529
531
200
1177
1186
451
1134
388
1196
1420
1186
1211
1471
823
632
613
409
202
65
258
220
220
176
220
211
199
222
216
226
1126
1375
1230
1144
1376
1166
1096
371
1378
359
1332
1379
1112
1392
1191
1180
1315
1313
840
1205
1353
817
1172
1380
382
387
389
387
385
509
693
416
395
349
1393
620
1395
1396
1226
1398
1399
1397
1401
620
638
622
384
446
440
461
431
356
447
1182
447
426
429
443
469
489
442
1226
1342
1404
1404
383
502
357
463
429
404
470
1357
470
1405
1405
419
455
1170
1196
1311
1199
1182
1189
1204
1406
1263
1406
1255
1255
1342
1142
1202
1293
1345
1144
532
530
557
521
537
555
654
535
962
1407
1218
1126
1229
1200
1221
1340
1319
1195
1202
1189
1185
839
784
852
918
909
723
764
723
710
1249
1217
1160
1184
1164
773
139
149
149
258
1243
264
54
800
238
142
1190
166
69
194
158
781
792
717
127
245
82
255
191
117
145
82
76
231
203
141
201
59
197
173
110
114
104
139
127
246
279
98
137
84
74
125
115
67
117
264
94
186
223
212
143
139
181
179
177
121
174
251
175
251
257
118
72
238
234
167
97
123
147
98
110
217
114
108
193
731
1299
931
876
890
1297
1293
928
1351
915
818
13
1466
704
29
535
458
799
1263
1411
1412
789
673
315
6
706
774
1452
28
333
537
667
1294
799
1262
1242
769
1452
8
1127
1187
698
750
744
1295
535
692
6
538
1009
803
1104
1242
692
1254
577
1320
1315
652
1269
28
36
943
1305
939
1243
1333
1335
1323
1111
915
943
1235
1248
1315
1207
755
768
1179
1249
1243
702
32
289
1443
1355
13
764
690
1262
947
1466
14
271
89
307
275
276
87
242
282
786
944
1412
1413
1413
166
1413
1414
1414
1414
1160
35
1415
1261
1162
1197
600
602
598
666
653
680
603
282
801
689
1028
771
1000
726
792
801
725
965
742
805
899
1046
787
864
1082
518
466
1222
1227
1267
752
749
507
309
425
5
7
1179
1165
942
21
585
1427
1257
1419
1249
1280
1265
1259
1252
1162
1263
1332
1113
1125
1466
1182
1277
1164
1176
1247
896
854
883
784
875
916
878
728
1096
1235
900
1133
1279
1140
1408
1108
1196
1323
740
737
1055
1208
1090
797
953
1293
272
1180
691
930
843
687
758
1239
1223
1261
861
953
685
819
1204
1208
1257
1188
816
974
817
1010
865
1332
1140
1425
1126
1201
1283
1170
1432
1176
1451
1253
1411
1172
1200
1172
798
1122
1208
1229
798
1334
1338
1336
1336
967
1132
1169
1226
1338
1300
1228
1226
1168
1211
1124
1229
1350
982
991
1035
999
714
807
951
934
685
1106
1018
594
625
651
640
658
586
596
564
298
1104
955
953
1313
1135
1106
1096
1100
1094
697
709
1055
860
893
965
1126
1355
1303
1134
414
420
1400
1180
809
921
1094
695
812
771
739
707
741
907
912
1281
1151
1323
1321
37
30
1432
1321
1202
1215
1208
1208
1208
1176
1111
1199
1222
1293
1126
1452
1358
1249
1142
1412
1297
1299
1432
1354
1152
1297
1287
1261
1249
540
986
1233
1244
921
460
308
338
1124
1334
1332
1332
1471
1325
1417
1417
1417
1417
1417
1417
1417
1417
1417
1180
1241
1418
1418
1418
1418
1418
1418
1418
1418
1418
1418
1338
1334
1329
1349
1418
1418
1419
1343
1343
1338
1276
1102
1092
1100
1091
813
1004
988
1015
1015
1011
70
107
751
958
1094
1001
992
1004
988
1002
1222
1366
599
555
463
473
418
383
409
420
458
296
448
484
383
405
581
1172
1217
489
483
485
487
487
491
472
375
421
1202
1112
1110
1420
1420
1420
1420
1420
1420
1025
1142
321
315
346
315
376
1323
1311
1150
1112
1125
1421
1344
1149
1359
1152
1344
1215
1322
1003
1233
1228
1426
1426
1426
1426
1264
1239
1426
1426
240
97
86
243
266
235
537
533
854
996
1006
989
997
1012
1016
1426
1426
1426
1426
329
1110
1197
1427
820
890
1427
1427
1427
1427
1427
1427
1427
1427
1427
1428
1428
1428
1428
1428
1428
1428
713
729
1009
997
1428
1428
1428
274
177
1100
1428
302
431
500
508
508
466
445
1428
1354
1356
1356
1357
1229
1299
1429
1296
1429
1429
1429
1429
1429
1216
1429
1429
1125
1355
1355
1177
1430
1430
1356
68
186
157
261
202
240
68
162
55
188
526
519
1430
1430
1259
1430
884
1263
1430
1235
1255
1430
1431
1231
1325
1186
1295
1431
1431
1431
1431
876
1431
1431
1261
1122
1431
1431
996
979
901
1006
143
90
195
311
374
460
370
327
340
348
372
370
340
368
301
350
479
329
358
1240
1247
1431
1134
525
525
622
496
410
1431
661
960
1003
1005
840
1012
994
1431
1158
1080
1040
873
1287
1217
1433
1153
1005
1026
1018
1353
1211
1342
1172
1432
1432
449
441
465
460
535
1432
507
1017
334
365
478
571
550
534
667
1432
1432
1432
1432
1432
1432
1108
1433
1433
1130
1140
1204
1265
1354
1433
1433
1433
1433
1433
1433
1433
1433
1433
1433
1220
1233
1235
1134
1282
1297
1325
319
236
542
615
576
548
611
623
668
538
668
575
540
566
544
561
664
579
1019
995
16
1168
1330
1241
1106
360
329
346
283
307
350
790
71
1295
735
1229
1433
1433
1433
1110
1434
1434
958
981
994
1025
1434
1434
1244
1248
1239
1223
1262
1224
1230
1221
1010
1434
1434
1381
1221
1417
1210
1017
1434
1225
1009
1016
1179
1124
1236
1224
1434
1206
1108
1210
1279
1225
38
1215
1197
1210
1218
1225
1434
1360
1356
1179
1108
1434
1434
1434
1434
1434
1434
114
462
303
367
977
970
176
854
879
881
920
879
1435
1021
924
920
920
1031
1435
1435
1435
1027
1435
1435
1435
1214
1435
1435
1210
482
497
451
1026
1021
1435
1435
1435
1435
1435
1435
1149
1224
1426
1435
1436
1239
1151
1443
1436
1436
1290
1345
1217
1119
1358
1358
1044
1025
1016
1036
1035
1359
1359
1359
1360
118
242
252
79
75
70
53
129
68
132
241
222
135
65
154
126
93
51
50
137
141
89
55
52
267
79
1361
1436
1436
1037
772
1013
1019
1033
809
1040
256
243
819
1037
877
866
819
1362
942
1045
881
1362
1362
1168
1182
1363
1363
1042
997
1042
1024
1037
777
1341
1436
1041
1027
1049
692
1045
1050
1056
1045
1043
1066
828
1046
780
1045
1049
1034
1039
1047
1062
1436
480
1436
1436
1045
1045
1062
923
1063
1045
1045
1066
605
601
616
1436
1436
1436
1436
1436
1436
1436
1168
1130
1437
1437
1437
1437
1261
1437
35
1111
1368
38
42
1051
75
270
50
433
435
481
402
1045
830
1050
818
1047
848
1044
842
1321
132
160
144
66
176
155
128
161
115
142
188
148
234
195
89
116
163
159
180
136
274
188
708
746
773
707
1372
1162
1373
489
481
1045
1042
1062
1045
892
1053
1051
1015
789
653
640
556
559
583
853
1055
1437
1437
1437
1437
1057
854
1063
1053
1053
1437
1437
1221
1048
1054
841
761
1067
1057
1383
1334
1134
1226
1394
1366
373
1362
355
1057
450
394
1059
452
1404
431
1404
1437
1437
1437
1215
1070
1041
1053
980
815
983
1066
1077
236
1438
1438
355
364
312
325
364
358
516
990
987
992
1357
1345
1405
1405
1405
1405
1406
1438
1438
1438
941
695
1438
1406
1295
1406
43
1350
1438
1438
1438
1438
1438
1438
1438
1255
1295
1406
1407
1407
1407
1407
1407
1407
1438
1438
1225
1156
1439
679
612
485
332
660
1261
1196
1297
1235
647
1439
1325
1143
1408
1439
1253
1066
1044
1065
1439
1439
1439
43
1439
46
43
1439
43
32
1408
1408
1439
1439
1439
1408
1409
1439
1439
1439
1409
1409
1409
1409
1409
1199
1162
1353
1197
1410
1278
1189
1176
1344
1164
1410
1410
1410
1014
734
973
15
988
712
939
1069
1063
1071
1067
523
631
599
602
574
521
560
632
537
553
558
635
530
577
561
559
553
675
1411
983
783
736
1468
1442
1442
1442
881
805
789
989
993
1197
1116
1108
1317
1299
1052
1297
1297
1318
922
738
1125
1196
1118
1227
1101
1071
801
734
1123
1072
1412
1263
1088
1334
1092
1334
1069
1443
1443
1093
485
344
329
294
499
398
1071
674
563
571
559
619
522
537
630
613
867
412
322
495
485
396
328
1201
1233
1134
1319
487
426
345
499
443
450
422
483
600
591
1443
299
469
429
359
1443
1443
1443
1443
1443
1443
1443
1444
1444
1444
1444
1444
1444
1444
1444
1412
1445
1445
1445
1445
44
1445
1445
1445
1445
1445
1445
1445
1445
1445
1412
1413
1413
1413
1413
1414
1414
1414
1354
1415
1415
864
933
816
729
1445
1445
1445
1281
1446
45
1172
1415
1416
1166
1416
1416
1416
1416
1416
1133
1143
1226
1180
37
29
1336
1244
1125
1079
1240
563
607
597
566
544
1088
1214
1204
1243
1156
1196
1210
1446
1127
1419
1210
1285
1264
490
312
305
1446
1446
1446
16
479
1446
180
507
1446
1332
1447
1447
1447
1447
1447
1447
1447
1447
653
533
557
620
642
639
557
605
888
1070
1091
63
1101
1075
1073
805
771
732
1054
1058
1079
1052
1064
669
568
1132
1447
1447
1447
1447
777
992
495
334
452
318
405
412
440
311
379
367
428
483
483
486
477
302
389
484
449
310
335
306
1062
1447
1447
1447
1189
1217
1448
1205
1217
1448
1448
1448
1448
1448
1449
1449
1449
1449
1449
1449
489
965
890
904
998
459
670
1332
1132
1350
1222
303
338
554
593
582
636
649
554
603
655
605
584
635
1449
82
83
112
244
232
83
233
137
256
253
279
241
87
219
491
485
411
489
433
487
392
489
489
497
485
464
366
629
621
363
390
550
204
1449
1449
491
1449
425
384
498
516
1449
1449
1449
1321
634
388
634
646
670
198
61
207
256
242
196
255
219
130
98
212
218
155
157
205
223
71
72
202
224
224
228
218
178
261
214
218
1449
1449
1449
1450
373
1450
506
457
1450
1450
1222
1186
1197
1216
1354
1450
1450
240
1197
1450
1450
367
575
504
502
439
504
504
1207
1205
1205
1197
1205
1197
1451
603
620
638
642
644
646
603
502
508
508
1411
457
353
655
431
340
284
325
504
573
629
1203
464
1112
391
318
504
468
443
502
508
510
421
508
522
1205
502
504
506
508
510
498
1358
1457
1317
1317
1199
1446
1415
1176
1302
1206
1259
1255
1438
1257
1239
1144
1128
1255
1325
1405
1291
1451
1451
225
1451
1451
1451
1451
1451
1451
1451
1053
1012
813
876
995
1184
1209
1249
1270
1268
1249
1239
1209
1328
1069
1065
249
181
254
147
1259
1189
817
254
94
275
165
81
271
1362
261
154
204
208
1074
1013
1148
82
102
49
181
149
88
230
86
49
112
173
224
205
197
56
254
116
54
156
144
93
169
127
193
159
235
167
121
119
50
153
135
263
256
277
270
233
244
273
129
185
215
165
106
94
245
78
279
91
167
273
253
257
273
199
231
90
275
76
257
77
135
60
1116
1230
1077
1082
708
1189
669
288
295
1081
1447
315
1072
1452
1452
673
1452
1452
45
744
11
11
1452
1261
1322
656
1230
1330
683
287
658
300
303
1453
1453
1453
1453
1307
811
654
1453
656
1453
1453
1280
1466
1288
813
31
1020
335
1421
1417
45
280
10
46
1381
1281
1244
1200
14
1356
1344
1109
1113
1215
5
30
773
1254
1240
10
1109
46
1169
1127
1135
284
1259
1221
1453
13
295
1219
46
713
292
307
63
89
51
336
1344
779
883
724
1319
800
1122
1126
1224
1146
1453
1453
1138
1453
1202
1177
1196
1164
1360
572
163
199
205
717
1024
783
1074
1057
1027
1084
1083
785
1075
1075
60
219
61
194
238
1035
1025
1085
1085
633
441
487
511
510
1125
1217
1149
1209
1453
1453
1308
1123
1453
1113
1081
1085
760
1081
1089
1040
1041
1036
1034
1035
1093
409
7
415
478
1453
21
1454
1454
1454
1454
1454
1454
1454
1454
1455
1455
1455
1455
1059
1092
1455
1455
1455
1177
1177
1154
1315
1430
1361
1361
1455
1455
1455
1332
1029
1037
1039
784
1032
1100
1080
1455
1080
1455
942
975
1455
1455
1455
759
1090
1094
1455
1122
1456
1094
1051
1042
1043
1029
1330
1143
1150
1344
1366
1367
1368
1156
1188
1164
1199
1214
1344
1043
1190
1197
1329
1048
1151
1170
1154
1189
1059
1076
1456
1456
1245
1226
1456
1353
1176
1456
1456
1456
1225
1457
1457
1457
1457
1457
1457
1457
1457
1457
1457
1457
1457
1087
1087
1087
683
990
914
772
769
950
1094
1094
1052
18
18
1094
644
621
666
578
601
610
610
549
652
549
658
576
603
605
662
1457
1094
1096
1092
1096
1096
1457
987
993
967
1100
885
739
858
948
862
784
1106
1457
1458
1458
1458
1458
504
510
506
1293
962
961
846
1053
1044
1048
821
1055
1036
859
978
1222
1105
1090
303
1459
1379
1168
1190
1196
1187
34
45
1170
1459
1199
1201
1459
1342
1380
1459
1459
1459
1459
1459
1459
1459
1459
1459
1459
1164
1459
1395
1396
1398
1398
1399
1400
47
1459
1464
1464
1464
1465
1465
1465
1465
322
500
1188
1465
1465
1465
1465
1465
1465
1465
1222
1206
1404
1404
1465
1465
1465
1465
1465
1156
1217
1357
1217
1405
1405
1153
1239
1329
1227
1188
1254
1363
1298
1123
1406
1287
1406
1104
779
293
892
788
892
903
916
996
1088
865
859
971
1085
1100
1095
17
909
888
996
791
941
599
536
533
489
6
474
465
491
427
427
8
7
511
512
405
401
389
537
280
593
595
1179
1466
306
481
296
479
365
1466
1466
1466
1466
1184
947
370
354
333
376
1466
1466
1466
1466
1090
1466
1467
1467
1467
918
787
812
1467
1467
1467
1467
1467
288
191
99
546
555
558
535
849
1057
948
1055
1050
886
10
1467
638
1467
1467
1467
1090
1467
1090
1092
1467
1090
1467
1467
1235
1468
1468
1468
1468
1468
1468
1468
1124
1112
1469
1469
1469
1469
1469
1469
1469
991
767
1469
139
106
239
101
462
1293
1469
1197
1469
1469
1469
1188
1469
1469
1470
1470
1470
1263
1411
1412
1470
1470
1470
1470
1470
180
164
257
53
182
178
138
124
554
526
530
549
1185
1448
1258
1309
1200
1215
1297
1115
1115
1193
1315
1112
1106
1096
1144
1471
1233
1106
1317
1199
1471
1303
1471
1008
790
1273
1471
788
1096
234
216
339
299
305
327
297
295
374
464
458
467
366
317
352
346
501
1146
1178
1471
1471
1471
416
414
681
408
760
920
931
847
1472
1472
1472
710
1472
1216
1412
1413
425
431
1198
741
716
1414
408
190
536
694
967
791
731
1473
1473
584
647
618
625
640
1473
1473
1473
1473
1473
1473
1473
1473
1473
1473
1473
1473
1473
1170
1474
1474
1474
1474
1474
1221
1182
1218
1474
1474
1113
1475
1475
1475
1475
1135
1110
1475
1475
352
662
613
591
676
674
631
615
529
649
573
535
1009
737
1189
1223
1313
1218
1311
1104
1083
348
352
371
327
323
372
360
1096
1108
1475
937
873
1125
1132
1230
1292
1130
1317
1299
1305
1186
1064
1299
304
334
524
294
1277
1138
1319
1185
1293
1239
1242
822
830
831
1322
1195
1128
867
863
962
1475
1475
1475
1475
1475
818
831
1102
1086
1164
1191
1158
1233
1351
1351
1195
47
1142
1135
1313
1475
1204
1341
1310
1475
1339
1107
1336
1330
1475
1130
1162
1294
676
118
657
587
289
413
420
288
432
351
987
1001
1027
187
214
191
190
166
198
1002
1019
1007
1003
879
1476
1086
1104
862
869
1089
971
1002
895
1092
1096
1100
1092
1094
1476
1476
1476
1477
1477
1443
1265
1355
1443
1106
472
1106
413
487
472
326
1092
1253
1477
1477
1477
1477
1477
1477
1477
1107
1170
1323
1321
1477
1477
1128
1321
1380
1214
1205
1220
1214
1208
1210
1208
1124
1308
1111
1401
1181
1328
1419
1104
727
1094
1351
1220
1146
1291
1287
1243
242
120
76
240
140
275
236
219
78
73
99
249
91
69
61
64
156
1417
1417
915
702
281
83
266
756
1100
1100
1091
1076
803
1418
1418
693
1090
887
701
982
1334
722
726
767
1103
1162
1336
1341
1096
994
1102
780
756
1092
1015
841
993
988
999
705
880
900
979
926
754
858
848
1004
886
1020
738
914
500
498
1477
1477
1477
1477
1477
775
1090
1092
952
1092
866
1092
1094
1092
1076
588
582
582
579
523
1126
1478
1480
1480
1189
1350
1420
1420
1420
1420
1420
1420
1420
1480
1421
1480
1480
44
1331
1321
1323
47
1216
1321
1334
1421
992
983
436
274
144
169
353
467
465
294
1004
830
716
1067
453
1299
1426
138
132
200
153
213
184
161
277
277
163
153
55
277
204
168
164
118
184
160
146
214
71
297
754
688
903
716
1018
1095
730
1427
1427
1427
462
1427
1428
1428
1428
972
615
626
633
534
553
986
1007
1000
1094
1428
1480
1480
1093
1094
1102
777
1104
868
1480
834
1100
957
734
785
952
945
1144
932
838
761
916
1429
1429
1429
1429
1128
1429
1429
1265
1355
1355
1430
30
1430
1356
1357
213
1481
473
410
1092
410
455
1182
207
443
404
496
1430
1311
1430
527
1081
1100
1090
1104
1430
1040
1100
1100
1090
53
123
1431
1431
378
316
299
366
299
683
940
1431
1278
1259
1319
1186
1481
1481
1247
1130
1466
841
745
27
1328
1481
1481
1337
1247
1481
1481
1245
1481
1481
1177
1252
1144
1431
1199
1249
1481
1256
1481
396
407
605
677
614
318
332
510
537
1162
619
659
502
321
349
1353
1246
1241
1481
1241
1376
1417
1108
1123
1108
1432
696
1045
1481
849
928
937
1432
1481
1482
1482
1408
1282
1197
1265
1243
1166
1142
1263
1166
1227
1268
1352
1233
1400
1352
1352
1437
1354
1158
1417
1182
1158
1406
1162
1134
1342
1363
1144
1363
1340
1332
1157
1166
1138
1178
1295
1237
1418
1207
1229
1166
1414
1356
885
815
798
873
825
762
1090
866
877
875
1005
933
1013
525
527
523
548
682
591
603
549
539
605
561
570
547
631
637
659
534
535
548
1471
798
765
1105
1215
1350
1217
1206
731
960
913
845
1338
1336
686
1475
1351
1207
1333
1338
1257
885
1303
1072
854
1013
712
799
1257
1350
1158
1148
757
1173
1287
1352
743
707
895
1171
1133
954
1134
1113
719
727
762
1177
1189
352
676
534
579
520
518
518
535
562
525
578
564
613
605
935
337
466
435
445
417
1354
1362
1350
1344
330
322
378
424
330
413
433
598
535
583
655
408
310
496
316
496
336
320
432
306
471
1198
1126
1138
1220
1123
1295
1151
1195
1353
1284
1135
1306
1152
1291
1354
1140
1176
1393
1144
1254
1342
22
1110
1342
1316
1342
1340
811
838
849
1340
1180
1207
1227
1195
1259
1140
1253
1342
1356
1342
1443
1153
1342
1415
1160
1166
1342
1340
27
1293
1291
1168
27
26
26
1340
1036
1340
1342
1393
1203
1199
1350
532
601
578
605
595
679
553
1243
967
1293
1153
1148
1354
1356
1356
1357
1361
1237
1245
1140
1373
1352
1148
1186
1186
1269
1344
1344
1263
357
380
440
332
442
15
1357
1357
460
192
15
1350
1247
1376
1323
1317
1344
1351
1293
1459
1123
1351
1275
1243
1046
1255
1229
1188
1128
529
593
655
661
541
626
649
618
1108
765
859
730
721
723
932
775
726
910
667
663
538
663
1270
1112
382
432
418
383
418
308
381
426
446
480
463
287
290
395
392
296
294
1133
1249
1415
1237
1394
1399
1355
1237
1252
1121
1129
1334
1123
1231
1149
1350
1216
1219
1417
1397
1149
1356
1167
1216
1241
1225
1338
1201
1240
1351
1045
1056
814
1063
1045
820
976
441
1162
1187
1189
1352
1172
574
660
605
672
547
593
663
540
588
596
607
587
603
480
1045
1079
840
234
260
165
233
216
81
258
258
266
165
250
208
253
103
229
107
320
349
390
422
414
293
385
445
397
368
363
431
347
423
603
354
629
314
388
532
531
174
1156
1128
1330
1316
445
1229
1350
1216
1226
466
535
499
1297
676
636
636
49
67
62
239
130
217
85
128
155
224
215
1344
1426
938
823
1178
1184
1221
1340
825
477
462
1112
1224
1226
1215
1256
1229
825
1223
412
1188
336
1195
1133
1224
1201
1214
542
506
480
16
483
390
386
1216
448
482
512
1380
1218
1215
1201
1203
1203
1205
396
605
586
624
406
465
411
345
373
363
497
406
393
354
451
449
441
495
435
471
281
844
1199
391
401
422
502
441
433
529
433
1319
455
452
1280
426
446
1124
1206
1233
1206
1202
1183
1257
1218
1229
1122
1369
1186
1133
1206
1344
1164
1182
1164
1166
1269
1358
1358
1358
524
537
675
633
563
519
570
1478
1360
1360
1360
1360
1360
1360
1107
852
918
1057
874
1453
1253
1177
26
1249
27
1106
828
60
93
153
1317
1279
1138
732
276
52
64
252
159
50
63
162
1132
1328
271
754
782
779
991
1077
1215
1362
193
51
67
231
84
161
117
119
80
80
99
143
91
249
123
121
197
125
102
106
106
110
142
120
175
97
62
100
169
73
77
163
260
235
62
100
97
80
125
105
251
69
119
173
100
237
101
98
175
231
272
145
77
104
104
94
239
112
101
84
108
104
1231
796
792
1405
934
681
1368
1300
1368
512
698
755
1369
1370
1370
938
1115
741
1370
703
677
758
1372
714
287
711
746
754
1322
1312
1115
9
755
757
1303
1198
749
1111
752
1321
1129
26
25
1351
25
1234
1117
9
760
339
753
25
284
770
1373
1374
767
770
25
1374
1374
809
1375
699
1376
1376
1114
778
1378
1378
765
284
1109
771
564
1109
1107
1151
671
1442
753
1351
24
1232
1380
24
1133
1127
774
1382
9
1382
1383
74
278
136
76
74
105
325
1090
1090
1072
1088
1130
1404
1404
1102
1172
198
174
1180
1233
1170
1375
1190
1201
1340
602
556
600
520
596
565
683
646
137
88
205
203
151
729
932
953
954
1068
733
1026
958
926
980
899
742
56
722
856
907
928
1050
760
787
291
931
787
617
523
619
331
522
430
469
1406
1407
1407
797
1046
831
847
731
727
706
854
16
17
1350
1265
1147
1233
1245
1179
1290
919
736
1339
1407
1340
1276
1265
1172
1383
1401
1287
726
776
745
807
1005
914
850
1408
887
1408
1408
780
961
1173
1408
861
1142
1164
1031
906
838
1409
1409
1409
1409
1311
1395
1208
1217
1223
1102
1185
827
1065
901
750
1410
1410
1410
1361
1201
1235
1134
1055
863
819
1241
1351
1287
821
1210
711
1288
1180
1114
1160
1245
1178
905
893
1411
1199
1200
1127
1207
1354
1411
1247
1130
1329
1319
1216
712
704
695
686
698
887
18
878
1055
609
664
574
407
418
777
854
10
1130
1291
860
911
936
1082
942
936
801
1106
1411
1412
1153
1198
473
394
520
672
333
1142
901
858
824
836
746
809
685
943
900
914
807
980
820
823
1344
780
1188
1426
1204
1266
1325
1323
1233
24
38
1168
1178
1317
1317
1299
1305
1412
1287
1160
1125
1190
1190
1141
1283
1122
1160
1231
1211
1179
1180
1259
1293
1150
1140
1195
1224
1179
1184
1227
1125
1127
1258
1340
691
697
1204
1241
1471
1469
1171
1248
1166
1180
1119
1241
1186
1224
1205
1412
1110
1413
1413
1413
1414
1414
1414
1414
1471
1415
1415
1261
1155
1207
1291
1168
1439
1188
1325
1415
1338
1415
1416
907
1416
1416
1416
693
957
986
897
869
880
863
934
873
861
933
882
853
778
880
7
505
397
330
463
408
461
316
291
575
301
491
537
605
434
506
347
436
419
1237
1188
1158
1299
1125
859
374
319
1156
1216
1140
1285
1153
959
1147
1257
1115
1299
1147
1110
1152
1112
1123
806
1206
1121
1227
1177
1138
1122
1188
195
92
276
270
84
560
550
567
913
1021
1101
789
786
1144
1162
1236
1220
1178
1316
1184
1278
1314
1313
1110
1204
1220
1432
1301
1413
1247
1184
1257
1271
1112
1182
1182
1152
1155
1220
1260
1237
1332
1108
282
960
952
800
1481
1189
1127
1294
126
169
127
86
86
91
276
690
1135
351
347
1257
1134
1134
1237
1332
1190
1298
1215
1411
1395
1126
1247
1184
1202
1185
1352
1352
1352
1237
1215
1353
719
1149
1110
1222
1215
1304
1250
1235
81
196
70
103
131
162
48
131
521
669
1144
1146
816
906
1106
711
758
802
1147
1170
1113
1130
1291
1335
1187
1211
1126
1239
1420
1237
1089
1069
1092
1107
1122
1200
1257
1231
782
1017
90
195
92
297
283
376
311
348
350
1179
1190
1268
1140
1128
661
657
603
424
443
427
644
642
388
1128
1020
1018
1029
1033
1180
1178
1257
1223
1128
895
1160
1351
14
744
773
748
824
807
778
1204
1176
1246
402
1170
1142
1204
1209
1108
1205
1112
485
481
609
623
678
662
1177
1132
1425
1299
1182
1130
1199
1173
1168
1138
1187
1146
1206
1245
1130
1230
1217
1209
1211
1168
1211
1245
1186
1188
1315
1290
1211
1295
1222
935
346
317
309
368
154
617
682
672
652
668
674
542
634
592
592
603
625
562
697
1129
1106
1323
293
331
372
348
283
309
356
281
916
896
781
892
912
785
899
746
783
1291
1238
1151
1245
1287
1166
804
1086
1094
519
581
545
351
1148
1179
1200
1210
1177
1039
772
867
1352
1263
1233
1186
898
1211
1336
882
927
963
913
854
918
1247
1255
1243
1193
1235
1186
28
1172
1195
1211
1201
1239
1112
1112
1198
1334
1144
1211
1209
1188
1162
1204
110
595
535
516
698
716
697
690
978
694
206
216
79
278
915
1058
821
976
877
948
1096
1094
1148
1162
1138
919
836
713
712
1008
879
854
848
196
194
838
887
847
745
360
1235
1184
1151
1125
1187
1128
1184
1132
1223
1259
1146
21
349
403
312
430
430
312
944
1109
1145
1206
1128
1404
1238
1202
1211
1180
1201
1186
1222
1309
1210
1120
1184
1226
1349
1170
1160
1224
1313
1133
1325
1295
1243
1315
1195
733
1280
1304
1182
1245
1305
1315
1410
1313
1273
1177
1312
61
232
229
69
1207
48
62
54
105
59
75
56
56
261
120
121
280
1200
1096
973
882
894
979
774
939
328
894
770
893
933
935
744
926
875
917
851
836
1172
776
897
722
976
817
690
827
724
948
1210
1214
1218
1223
1466
702
758
748
825
970
736
972
857
845
687
687
905
705
772
880
1086
898
856
717
708
781
850
401
291
1227
1150
1133
1443
701
862
854
856
1006
858
906
994
918
969
584
579
576
1410
1437
1241
1255
1147
1142
1177
1354
1115
1253
1261
1106
1127
1116
1179
1171
1420
1340
1358
706
129
105
85
250
250
821
703
834
705
844
844
1168
1142
1301
1140
64
72
220
188
212
126
213
213
194
182
170
107
170
204
151
215
196
136
168
177
211
120
142
71
721
1332
768
750
751
1124
1245
326
435
1228
782
21
637
624
614
542
609
624
661
545
911
815
1245
1363
1363
1363
899
851
722
749
854
709
1367
1216
723
1008
894
721
1008
889
1100
814
1150
868
903
1014
1178
1188
1150
1122
1134
162
156
181
152
1353
1353
1132
1176
1115
1276
472
611
207
1144
470
824
642
433
467
1247
640
429
394
1178
449
1156
384
421
384
1195
831
843
945
720
738
835
868
790
688
1328
378
374
376
372
720
728
704
735
1233
1432
1168
1218
1158
1206
1260
1308
1124
1183
1218
24
1162
38
1130
1140
1351
1128
1363
1405
1227
1153
1203
1276
1180
1253
1229
1117
1148
1155
1126
1142
526
597
543
675
614
614
491
486
482
541
539
1211
1140
340
439
491
326
393
1220
1184
1138
1142
1112
1167
1354
1434
1110
1130
1380
1314
1166
830
1119
1142
1253
1112
1336
1340
1140
31
1195
1187
1396
1130
898
1399
1158
1253
1182
1239
1336
1166
1198
1144
1376
1168
1268
1233
1451
1138
1259
1283
1124
1220
1198
1109
1181
1323
1404
1404
904
803
1096
757
783
978
840
981
857
891
571
671
573
576
678
612
539
559
537
571
543
585
546
738
1261
1369
1196
1406
725
1199
1257
975
709
894
1127
1142
1216
957
1122
1019
979
1350
1125
1132
1107
814
827
1001
872
1184
811
1243
1120
1127
1100
774
1328
1189
1138
769
1115
1247
1096
1090
510
360
370
498
905
680
656
678
554
634
660
678
846
826
834
860
287
338
471
484
517
1328
1138
1142
1471
1287
1146
1138
1247
1126
424
449
323
353
332
338
326
422
423
434
424
449
428
8
651
546
477
357
334
473
337
414
445
369
1224
1133
1198
1113
1123
1239
1121
1123
1257
1140
1140
1300
1274
23
1226
1198
23
1127
1197
1216
1329
1273
1253
1178
1130
1202
1164
1128
1124
1307
1121
1100
1096
1297
1293
1190
1160
1181
1110
1343
1162
1170
1197
1160
1190
1177
1309
1411
1412
1108
1377
1109
1178
1158
1156
1361
1123
1166
1158
23
23
22
22
36
1164
34
1120
1171
1160
1193
1377
1124
1291
1125
1331
1106
1226
1207
1207
1207
591
677
1245
1125
1429
1333
1114
1115
1277
1178
1176
1291
1156
1229
1306
1311
1273
1330
1152
1119
1180
1195
1265
1124
378
1114
1115
1117
1233
1267
1173
1107
1250
1184
1176
1187
1116
1115
1156
845
1164
587
535
541
622
651
535
1123
229
239
1168
428
